 MODEL DESIGNATION: First_Attempt       
 MODEL GENERATED: Thu Dec 20 13:54:47 2012

              RESULTS FOR THE SPECTRAL TYPE CALIBRATION -- 2

 TIME =   1.000E+04

 LUMINOSITY CLASS V
 O:    4.405E+00   4.718E+00   5.924E+00   7.628E+00   6.410E+00   7.875E+00   9.873E+00   9.193E+00
       1.128E+01   9.038E+00   1.662E+01   1.379E+01   1.720E+01   2.080E+01
 B:    1.633E+01   4.207E+01   7.049E+01   1.031E+02   1.360E+02   1.591E+02   1.310E+02   6.043E+01
       6.841E+01   1.065E+02   9.406E+01   1.094E+02   1.286E+02   1.531E+02   1.849E+02   1.979E+02
       2.062E+02   1.899E+02
 A:    1.634E+02   1.992E+02   1.765E+02   1.598E+02   1.352E+02   1.244E+02   1.796E+02   2.232E+02
       2.202E+02   1.805E+02   1.618E+02   1.376E+02   1.832E+02   1.969E+02
 F:    3.940E+02   5.648E+02   1.924E+02   1.823E+02   1.730E+02   2.736E+02   2.952E+02   3.192E+02
 G:    3.462E+02   2.793E+02   4.019E+02   3.259E+02   3.493E+02   2.471E+02   3.940E+02   7.271E+02
 K:    3.187E+02   3.365E+02   1.754E+02   8.957E+01   0.000E+00   0.000E+00   0.000E+00   0.000E+00
       0.000E+00   0.000E+00   0.000E+00   0.000E+00   0.000E+00   0.000E+00
 M:    0.000E+00   0.000E+00   0.000E+00   0.000E+00   0.000E+00   0.000E+00   0.000E+00   0.000E+00
       0.000E+00   0.000E+00   0.000E+00   0.000E+00   0.000E+00

 LUMINOSITY CLASS IV
 O:    3.077E+00   0.000E+00   0.000E+00   0.000E+00   0.000E+00   0.000E+00   0.000E+00   0.000E+00
       0.000E+00   0.000E+00   0.000E+00   0.000E+00   0.000E+00   0.000E+00
 B:    0.000E+00   0.000E+00   0.000E+00   0.000E+00   0.000E+00   2.144E+01   0.000E+00   0.000E+00
       0.000E+00   0.000E+00   0.000E+00   0.000E+00   0.000E+00   0.000E+00   0.000E+00   0.000E+00
       0.000E+00   0.000E+00
 A:    0.000E+00   5.805E+01   0.000E+00   0.000E+00   0.000E+00   0.000E+00   0.000E+00   0.000E+00
       0.000E+00   0.000E+00   0.000E+00   0.000E+00   0.000E+00   0.000E+00
 F:    0.000E+00   0.000E+00   0.000E+00   0.000E+00   0.000E+00   0.000E+00   0.000E+00   0.000E+00
 G:    0.000E+00   0.000E+00   0.000E+00   0.000E+00   0.000E+00   0.000E+00   0.000E+00   0.000E+00
 K:    0.000E+00   0.000E+00   0.000E+00   0.000E+00   0.000E+00   0.000E+00   0.000E+00   0.000E+00
       0.000E+00   0.000E+00   0.000E+00   0.000E+00   0.000E+00   0.000E+00
 M:    0.000E+00   0.000E+00   0.000E+00   0.000E+00   0.000E+00   0.000E+00   0.000E+00   0.000E+00
       0.000E+00   0.000E+00   0.000E+00   0.000E+00   0.000E+00

 LUMINOSITY CLASS III
 O:    4.791E+00   0.000E+00   0.000E+00   0.000E+00   0.000E+00   0.000E+00   0.000E+00   0.000E+00
       0.000E+00   0.000E+00   0.000E+00   0.000E+00   0.000E+00   0.000E+00
 B:    0.000E+00   0.000E+00   0.000E+00   0.000E+00   0.000E+00   0.000E+00   0.000E+00   0.000E+00
       0.000E+00   0.000E+00   0.000E+00   0.000E+00   0.000E+00   0.000E+00   0.000E+00   0.000E+00
       0.000E+00   0.000E+00
 A:    0.000E+00   0.000E+00   0.000E+00   0.000E+00   0.000E+00   0.000E+00   0.000E+00   0.000E+00
       0.000E+00   0.000E+00   0.000E+00   0.000E+00   0.000E+00   0.000E+00
 F:    0.000E+00   0.000E+00   0.000E+00   0.000E+00   0.000E+00   0.000E+00   0.000E+00   0.000E+00
 G:    0.000E+00   0.000E+00   0.000E+00   0.000E+00   0.000E+00   0.000E+00   0.000E+00   0.000E+00
 K:    0.000E+00   0.000E+00   0.000E+00   0.000E+00   0.000E+00   0.000E+00   0.000E+00   0.000E+00
       0.000E+00   0.000E+00   0.000E+00   0.000E+00   0.000E+00   0.000E+00
 M:    0.000E+00   0.000E+00   0.000E+00   0.000E+00   0.000E+00   0.000E+00   0.000E+00   0.000E+00
       0.000E+00   0.000E+00   0.000E+00   0.000E+00   0.000E+00

 LUMINOSITY CLASS II
 O:    0.000E+00   0.000E+00   0.000E+00   0.000E+00   0.000E+00   0.000E+00   0.000E+00   0.000E+00
       0.000E+00   0.000E+00   0.000E+00   0.000E+00   0.000E+00   0.000E+00
 B:    0.000E+00   0.000E+00   0.000E+00   0.000E+00   0.000E+00   0.000E+00   0.000E+00   0.000E+00
       0.000E+00   0.000E+00   0.000E+00   0.000E+00   0.000E+00   0.000E+00   0.000E+00   0.000E+00
       0.000E+00   0.000E+00
 A:    0.000E+00   0.000E+00   0.000E+00   0.000E+00   0.000E+00   0.000E+00   0.000E+00   0.000E+00
       0.000E+00   0.000E+00   0.000E+00   0.000E+00   0.000E+00   0.000E+00
 F:    0.000E+00   0.000E+00   0.000E+00   0.000E+00   0.000E+00   0.000E+00   0.000E+00   0.000E+00
 G:    0.000E+00   0.000E+00   0.000E+00   0.000E+00   0.000E+00   0.000E+00   0.000E+00   0.000E+00
 K:    0.000E+00   0.000E+00   0.000E+00   0.000E+00   0.000E+00   0.000E+00   0.000E+00   0.000E+00
       0.000E+00   0.000E+00   0.000E+00   0.000E+00   0.000E+00   0.000E+00
 M:    0.000E+00   0.000E+00   0.000E+00   0.000E+00   0.000E+00   0.000E+00   0.000E+00   0.000E+00
       0.000E+00   0.000E+00   0.000E+00   0.000E+00   0.000E+00

 LUMINOSITY CLASS I
 O:    7.050E+00   0.000E+00   0.000E+00   0.000E+00   0.000E+00   0.000E+00   0.000E+00   0.000E+00
       0.000E+00   0.000E+00   0.000E+00   0.000E+00   0.000E+00   0.000E+00
 B:    0.000E+00   0.000E+00   0.000E+00   0.000E+00   0.000E+00   0.000E+00   0.000E+00   0.000E+00
       0.000E+00   0.000E+00   0.000E+00   0.000E+00   0.000E+00   0.000E+00   0.000E+00   0.000E+00
       0.000E+00   0.000E+00
 A:    0.000E+00   0.000E+00   0.000E+00   0.000E+00   0.000E+00   0.000E+00   0.000E+00   0.000E+00
       0.000E+00   0.000E+00   0.000E+00   0.000E+00   0.000E+00   0.000E+00
 F:    0.000E+00   0.000E+00   0.000E+00   0.000E+00   0.000E+00   0.000E+00   0.000E+00   0.000E+00
 G:    0.000E+00   0.000E+00   0.000E+00   0.000E+00   0.000E+00   0.000E+00   0.000E+00   0.000E+00
 K:    0.000E+00   0.000E+00   0.000E+00   0.000E+00   0.000E+00   0.000E+00   0.000E+00   0.000E+00
       0.000E+00   0.000E+00   0.000E+00   0.000E+00   0.000E+00   0.000E+00
 M:    0.000E+00   0.000E+00   0.000E+00   0.000E+00   0.000E+00   0.000E+00   0.000E+00   0.000E+00
       0.000E+00   0.000E+00   0.000E+00   0.000E+00   0.000E+00

 WNL:  0.000E+00
 WNE:  0.000E+00
 WCL:  0.000E+00
 WCE:  0.000E+00
 WO :  0.000E+00
