 MODEL DESIGNATION: First_Attempt       
 MODEL GENERATED: Thu Dec 20 13:54:47 2012

              COMPUTED SYNTHETIC SPECTRUM

 TIME [YR]    WAVELENGTH [A]   LOG TOTAL  LOG STELLAR  LOG NEBULAR  [ERG/SEC/A]
 .10000E+05          91.00      27.19048    27.19048   -15.00000
 .10000E+05          94.00      27.72158    27.72158   -15.00000
 .10000E+05          96.00      28.07331    28.07331   -15.00000
 .10000E+05          98.00      28.43214    28.43214   -15.00000
 .10000E+05         100.00      28.59519    28.59519   -15.00000
 .10000E+05         102.00      28.80940    28.80940   -15.00000
 .10000E+05         104.00      29.04942    29.04942   -15.00000
 .10000E+05         106.00      29.34000    29.34000   -15.00000
 .10000E+05         108.00      29.63529    29.63529   -15.00000
 .10000E+05         110.00      30.72009    30.72009   -15.00000
 .10000E+05         114.00      31.34361    31.34361   -15.00000
 .10000E+05         118.00      31.77702    31.77702   -15.00000
 .10000E+05         121.00      32.35136    32.35136   -15.00000
 .10000E+05         125.00      32.69962    32.69962   -15.00000
 .10000E+05         127.00      32.81493    32.81493   -15.00000
 .10000E+05         128.00      32.77352    32.77352   -15.00000
 .10000E+05         131.00      32.96088    32.96088   -15.00000
 .10000E+05         132.00      33.04169    33.04169   -15.00000
 .10000E+05         134.00      33.17698    33.17698   -15.00000
 .10000E+05         137.00      33.31179    33.31179   -15.00000
 .10000E+05         140.00      33.51408    33.51408   -15.00000
 .10000E+05         143.00      33.53540    33.53540   -15.00000
 .10000E+05         147.00      33.77820    33.77820   -15.00000
 .10000E+05         151.00      33.99987    33.99987   -15.00000
 .10000E+05         155.00      34.21595    34.21595   -15.00000
 .10000E+05         159.00      34.37551    34.37551   -15.00000
 .10000E+05         162.00      33.92258    33.92258   -15.00000
 .10000E+05         166.00      33.79011    33.79011   -15.00000
 .10000E+05         170.00      34.11636    34.11636   -15.00000
 .10000E+05         173.00      34.28279    34.28279   -15.00000
 .10000E+05         177.00      34.61494    34.61494   -15.00000
 .10000E+05         180.00      34.33438    34.33438   -15.00000
 .10000E+05         182.00      34.79959    34.79959   -15.00000
 .10000E+05         186.00      35.47755    35.47755   -15.00000
 .10000E+05         191.00      35.08482    35.08482   -15.00000
 .10000E+05         194.00      35.05053    35.05053   -15.00000
 .10000E+05         198.00      35.29654    35.29654   -15.00000
 .10000E+05         202.00      35.24239    35.24239   -15.00000
 .10000E+05         205.00      35.55577    35.55577   -15.00000
 .10000E+05         210.00      35.91832    35.91832   -15.00000
 .10000E+05         216.00      35.90085    35.90085   -15.00000
 .10000E+05         220.00      35.90953    35.90953   -15.00000
 .10000E+05         223.00      36.14258    36.14258   -15.00000
 .10000E+05         227.00      36.18098    36.18098   -15.00000
 .10000E+05         230.00      37.05273    37.05273   -15.00000
 .10000E+05         234.00      36.66080    36.66080   -15.00000
 .10000E+05         240.00      36.66035    36.66035   -15.00000
 .10000E+05         246.00      37.89804    37.89804   -15.00000
 .10000E+05         252.00      38.05628    38.05628   -15.00000
 .10000E+05         257.00      38.31274    38.31274   -15.00000
 .10000E+05         260.00      37.49774    37.49774   -15.00000
 .10000E+05         264.00      37.86507    37.86507   -15.00000
 .10000E+05         269.00      37.48074    37.48074   -15.00000
 .10000E+05         274.00      38.33952    38.33952   -15.00000
 .10000E+05         279.00      37.89061    37.89061   -15.00000
 .10000E+05         284.00      37.75206    37.75206   -15.00000
 .10000E+05         290.00      37.63518    37.63518   -15.00000
 .10000E+05         296.00      37.82594    37.82594   -15.00000
 .10000E+05         301.00      38.23910    38.23910   -15.00000
 .10000E+05         308.00      38.05089    38.05089   -15.00000
 .10000E+05         318.00      37.88625    37.88625   -15.00000
 .10000E+05         328.00      38.36566    38.36566   -15.00000
 .10000E+05         338.00      38.01953    38.01953   -15.00000
 .10000E+05         348.00      38.24433    38.24433   -15.00000
 .10000E+05         357.00      37.12390    37.12390   -15.00000
 .10000E+05         366.00      37.96700    37.96700   -15.00000
 .10000E+05         375.00      37.87221    37.87221   -15.00000
 .10000E+05         385.00      38.25876    38.25876   -15.00000
 .10000E+05         395.00      37.70074    37.70074   -15.00000
 .10000E+05         405.00      37.87540    37.87540   -15.00000
 .10000E+05         414.00      37.94296    37.94296   -15.00000
 .10000E+05         422.00      38.04530    38.04530   -15.00000
 .10000E+05         430.00      38.00125    38.00125   -15.00000
 .10000E+05         441.00      37.97795    37.97795   -15.00000
 .10000E+05         451.00      38.31756    38.31756   -15.00000
 .10000E+05         460.00      37.89204    37.89204   -15.00000
 .10000E+05         470.00      38.32883    38.32883   -15.00000
 .10000E+05         480.00      37.94566    37.94566   -15.00000
 .10000E+05         490.00      37.93578    37.93578   -15.00000
 .10000E+05         500.00      38.31285    38.31285   -15.00000
 .10000E+05         506.00      38.19056    38.19056   -15.00000
 .10000E+05         512.00      38.25275    38.25275   -15.00000
 .10000E+05         520.00      38.34984    38.34984   -15.00000
 .10000E+05         530.00      38.31569    38.31569   -15.00000
 .10000E+05         540.00      37.43865    37.43865   -15.00000
 .10000E+05         550.00      37.42098    37.42098   -15.00000
 .10000E+05         560.00      38.29543    38.29543   -15.00000
 .10000E+05         570.00      38.22705    38.22705   -15.00000
 .10000E+05         580.00      38.24502    38.24502   -15.00000
 .10000E+05         590.00      38.29631    38.29631   -15.00000
 .10000E+05         600.00      38.06222    38.06222   -15.00000
 .10000E+05         610.00      38.51572    38.51572   -15.00000
 .10000E+05         620.00      38.24405    38.24405   -15.00000
 .10000E+05         630.00      38.31356    38.31356   -15.00000
 .10000E+05         640.00      38.13587    38.13587   -15.00000
 .10000E+05         650.00      38.22905    38.22905   -15.00000
 .10000E+05         658.00      38.20838    38.20838   -15.00000
 .10000E+05         665.00      38.19783    38.19783   -15.00000
 .10000E+05         675.00      38.18773    38.18773   -15.00000
 .10000E+05         685.00      38.19454    38.19454   -15.00000
 .10000E+05         695.00      38.18553    38.18553   -15.00000
 .10000E+05         705.00      38.13600    38.13600   -15.00000
 .10000E+05         716.00      38.17993    38.17993   -15.00000
 .10000E+05         726.00      38.17315    38.17315   -15.00000
 .10000E+05         735.00      38.13427    38.13427   -15.00000
 .10000E+05         745.00      38.06523    38.06523   -15.00000
 .10000E+05         755.00      37.40131    37.40131   -15.00000
 .10000E+05         765.00      38.14996    38.14996   -15.00000
 .10000E+05         775.00      38.14748    38.14748   -15.00000
 .10000E+05         785.00      37.59703    37.59703   -15.00000
 .10000E+05         795.00      38.17115    38.17115   -15.00000
 .10000E+05         805.00      38.08540    38.08540   -15.00000
 .10000E+05         815.00      38.07852    38.07852   -15.00000
 .10000E+05         825.00      38.06533    38.06533   -15.00000
 .10000E+05         835.00      38.01810    38.01810   -15.00000
 .10000E+05         845.00      38.04588    38.04588   -15.00000
 .10000E+05         855.00      38.04121    38.04121   -15.00000
 .10000E+05         865.00      38.01765    38.01765   -15.00000
 .10000E+05         875.00      37.98729    37.98729   -15.00000
 .10000E+05         885.00      38.01594    38.01594   -15.00000
 .10000E+05         895.00      38.01108    38.01108   -15.00000
 .10000E+05         905.00      37.96912    37.96912   -15.00000
 .10000E+05         915.00      38.14719    38.14703    34.69996
 .10000E+05         925.00      38.02474    38.02353    35.47285
 .10000E+05         935.00      38.29762    38.29643    35.73561
 .10000E+05         945.00      38.24478    38.24282    35.89816
 .10000E+05         955.00      38.21350    38.21074    36.01616
 .10000E+05         965.00      38.21136    38.20792    36.10886
 .10000E+05         975.00      38.14163    38.13680    36.18520
 .10000E+05         985.00      38.16097    38.15561    36.25011
 .10000E+05         995.00      38.15473    38.14853    36.30658
 .10000E+05        1005.00      38.16112    38.15425    36.35653
 .10000E+05        1015.00      38.17490    38.16753    36.40133
 .10000E+05        1025.00      38.12275    38.11360    36.44194
 .10000E+05        1035.00      38.14746    38.13804    36.47907
 .10000E+05        1045.00      38.16239    38.15254    36.51328
 .10000E+05        1055.00      38.15253    38.14168    36.54498
 .10000E+05        1065.00      38.13181    38.11960    36.57454
 .10000E+05        1075.00      38.12895    38.11584    36.60220
 .10000E+05        1085.00      38.10393    38.08916    36.62821
 .10000E+05        1095.00      38.11588    38.10066    36.65275
 .10000E+05        1105.00      38.10203    38.08543    36.67597
 .10000E+05        1115.00      38.09399    38.07618    36.69802
 .10000E+05        1125.00      38.07385    38.05423    36.71900
 .10000E+05        1135.00      38.07901    38.05869    36.73902
 .10000E+05        1145.00      38.06627    38.04436    36.75815
 .10000E+05        1155.00      38.05751    38.03415    36.77647
 .10000E+05        1165.00      38.04657    38.02158    36.79406
 .10000E+05        1175.00      38.00605    37.97741    36.81096
 .10000E+05        1185.00      38.02850    38.00027    36.82722
 .10000E+05        1195.00      38.00538    37.97443    36.84290
 .10000E+05        1205.00      37.99888    37.96629    36.85803
 .10000E+05        1215.00      37.96216    37.92529    36.87266
 .10000E+05        1225.00      37.98649    37.95052    36.88680
 .10000E+05        1235.00      37.93858    37.89685    36.90051
 .10000E+05        1245.00      38.00499    37.96828    36.91378
 .10000E+05        1255.00      37.97561    37.93496    36.92667
 .10000E+05        1265.00      37.97140    37.92908    36.93919
 .10000E+05        1275.00      37.96916    37.92533    36.95135
 .10000E+05        1285.00      37.96308    37.91731    36.96318
 .10000E+05        1295.00      37.94897    37.90025    36.97470
 .10000E+05        1305.00      37.94286    37.89240    36.98299
 .10000E+05        1315.00      37.94241    37.89125    36.98822
 .10000E+05        1325.00      37.93222    37.87911    36.99338
 .10000E+05        1335.00      37.92297    37.86794    36.99849
 .10000E+05        1345.00      37.91839    37.86206    37.00353
 .10000E+05        1355.00      37.91047    37.85231    37.00851
 .10000E+05        1365.00      37.90020    37.83982    37.01345
 .10000E+05        1375.00      37.89270    37.83044    37.01832
 .10000E+05        1385.00      37.88575    37.82166    37.02314
 .10000E+05        1395.00      37.85886    37.78951    37.02791
 .10000E+05        1405.00      37.84761    37.77543    37.03263
 .10000E+05        1415.00      37.86368    37.79353    37.03729
 .10000E+05        1425.00      37.85209    37.77904    37.04191
 .10000E+05        1435.00      37.85052    37.77634    37.04648
 .10000E+05        1442.00      37.84682    37.77135    37.04964
 .10000E+05        1447.00      37.84323    37.76664    37.05190
 .10000E+05        1455.00      37.83598    37.75726    37.05547
 .10000E+05        1465.00      37.82831    37.74715    37.05990
 .10000E+05        1475.00      37.82278    37.73956    37.06428
 .10000E+05        1485.00      37.81773    37.73250    37.06862
 .10000E+05        1495.00      37.81057    37.72281    37.07291
 .10000E+05        1505.00      37.80195    37.71220    37.07310
 .10000E+05        1512.00      37.79337    37.70227    37.07036
 .10000E+05        1517.00      37.79106    37.69987    37.06839
 .10000E+05        1525.00      37.78506    37.69321    37.06522
 .10000E+05        1535.00      37.76826    37.67335    37.06122
 .10000E+05        1545.00      37.75075    37.65247    37.05719
 .10000E+05        1555.00      37.74499    37.64629    37.05312
 .10000E+05        1565.00      37.74695    37.64978    37.04900
 .10000E+05        1575.00      37.74467    37.64797    37.04486
 .10000E+05        1585.00      37.73871    37.64157    37.04066
 .10000E+05        1595.00      37.73206    37.63431    37.03644
 .10000E+05        1605.00      37.72180    37.62252    37.03217
 .10000E+05        1615.00      37.71340    37.61307    37.02785
 .10000E+05        1625.00      37.70752    37.60679    37.02349
 .10000E+05        1635.00      37.70266    37.60181    37.01909
 .10000E+05        1645.00      37.69450    37.59268    37.01465
 .10000E+05        1655.00      37.68991    37.58806    37.01015
 .10000E+05        1665.00      37.68373    37.58145    37.00562
 .10000E+05        1672.00      37.67440    37.57047    37.00241
 .10000E+05        1677.00      37.67958    37.57766    37.00010
 .10000E+05        1685.00      37.67232    37.56945    36.99639
 .10000E+05        1695.00      37.66369    37.55976    36.99171
 .10000E+05        1705.00      37.65553    37.55066    36.98697
 .10000E+05        1715.00      37.64636    37.54031    36.98218
 .10000E+05        1725.00      37.63805    37.53102    36.97733
 .10000E+05        1735.00      37.63507    37.52858    36.97243
 .10000E+05        1745.00      37.62771    37.52055    36.96748
 .10000E+05        1755.00      37.62126    37.51370    36.96247
 .10000E+05        1765.00      37.61324    37.50484    36.95741
 .10000E+05        1775.00      37.60541    37.49624    36.95227
 .10000E+05        1785.00      37.60021    37.49105    36.94708
 .10000E+05        1795.00      37.59365    37.48411    36.94183
 .10000E+05        1805.00      37.58789    37.47789    36.93765
 .10000E+05        1815.00      37.57864    37.46684    36.93459
 .10000E+05        1825.00      37.57327    37.46080    36.93150
 .10000E+05        1835.00      37.56701    37.45361    36.92838
 .10000E+05        1845.00      37.55693    37.44144    36.92525
 .10000E+05        1855.00      37.55141    37.43520    36.92209
 .10000E+05        1865.00      37.54648    37.42973    36.91891
 .10000E+05        1875.00      37.54143    37.42410    36.91570
 .10000E+05        1885.00      37.53114    37.41159    36.91248
 .10000E+05        1895.00      37.52328    37.40227    36.90923
 .10000E+05        1905.00      37.52082    37.40008    36.90595
 .10000E+05        1915.00      37.51286    37.39059    36.90265
 .10000E+05        1925.00      37.50390    37.37980    36.89932
 .10000E+05        1935.00      37.50210    37.37851    36.89597
 .10000E+05        1945.00      37.49783    37.37394    36.89259
 .10000E+05        1955.00      37.48651    37.35998    36.88918
 .10000E+05        1967.00      37.48386    37.35782    36.88506
 .10000E+05        1976.00      37.48089    37.35490    36.88195
 .10000E+05        1984.00      37.47326    37.34563    36.87916
 .10000E+05        1995.00      37.46556    37.33662    36.87529
 .10000E+05        2005.00      37.46161    37.33252    36.87175
 .10000E+05        2015.00      37.45603    37.32625    36.86817
 .10000E+05        2025.00      37.45156    37.32148    36.86457
 .10000E+05        2035.00      37.44269    37.31076    36.86094
 .10000E+05        2045.00      37.43707    37.30445    36.85728
 .10000E+05        2055.00      37.42326    37.28696    36.85358
 .10000E+05        2065.00      37.42383    37.28911    36.84985
 .10000E+05        2074.00      37.42899    37.29734    36.84647
 .10000E+05        2078.00      37.42379    37.29082    36.84496
 .10000E+05        2085.00      37.42086    37.28780    36.84230
 .10000E+05        2095.00      37.41300    37.27848    36.83848
 .10000E+05        2105.00      37.40900    37.27443    36.83462
 .10000E+05        2115.00      37.40433    37.26948    36.83073
 .10000E+05        2125.00      37.39877    37.26332    36.82680
 .10000E+05        2135.00      37.39263    37.25638    36.82283
 .10000E+05        2145.00      37.38580    37.24850    36.81883
 .10000E+05        2155.00      37.38183    37.24456    36.81480
 .10000E+05        2165.00      37.37447    37.23597    36.81072
 .10000E+05        2175.00      37.36966    37.23090    36.80660
 .10000E+05        2185.00      37.36308    37.22340    36.80245
 .10000E+05        2195.00      37.35897    37.21932    36.79826
 .10000E+05        2205.00      37.35333    37.21246    36.79582
 .10000E+05        2215.00      37.34734    37.20440    36.79518
 .10000E+05        2225.00      37.34264    37.19812    36.79454
 .10000E+05        2235.00      37.33836    37.19239    36.79390
 .10000E+05        2245.00      37.33375    37.18619    36.79325
 .10000E+05        2255.00      37.32780    37.17807    36.79261
 .10000E+05        2265.00      37.32447    37.17363    36.79196
 .10000E+05        2275.00      37.31994    37.16747    36.79131
 .10000E+05        2285.00      37.31523    37.16104    36.79067
 .10000E+05        2295.00      37.30808    37.15109    36.79002
 .10000E+05        2305.00      37.30482    37.14670    36.78937
 .10000E+05        2315.00      37.30061    37.14091    36.78872
 .10000E+05        2325.00      37.29128    37.12767    36.78807
 .10000E+05        2335.00      37.29130    37.12799    36.78741
 .10000E+05        2345.00      37.28701    37.12203    36.78676
 .10000E+05        2355.00      37.28294    37.11637    36.78611
 .10000E+05        2365.00      37.27812    37.10960    36.78545
 .10000E+05        2375.00      37.27351    37.10310    36.78480
 .10000E+05        2385.00      37.26754    37.09455    36.78414
 .10000E+05        2395.00      37.26488    37.09092    36.78348
 .10000E+05        2405.00      37.26060    37.08484    36.78282
 .10000E+05        2415.00      37.25648    37.07898    36.78216
 .10000E+05        2425.00      37.25280    37.07378    36.78150
 .10000E+05        2435.00      37.24789    37.06667    36.78084
 .10000E+05        2445.00      37.24431    37.06158    36.78017
 .10000E+05        2455.00      37.24023    37.05570    36.77951
 .10000E+05        2465.00      37.23609    37.04971    36.77884
 .10000E+05        2475.00      37.23186    37.04356    36.77818
 .10000E+05        2485.00      37.22778    37.03761    36.77751
 .10000E+05        2495.00      37.21473    37.01761    36.77684
 .10000E+05        2505.00      37.21951    37.02548    36.77617
 .10000E+05        2513.00      37.21262    37.01498    36.77563
 .10000E+05        2518.00      37.21368    37.01685    36.77530
 .10000E+05        2525.00      37.21149    37.01366    36.77483
 .10000E+05        2535.00      37.20777    37.00818    36.77415
 .10000E+05        2545.00      37.20345    37.00172    36.77348
 .10000E+05        2555.00      37.20020    36.99693    36.77281
 .10000E+05        2565.00      37.19641    36.99127    36.77213
 .10000E+05        2575.00      37.19291    36.98606    36.77145
 .10000E+05        2585.00      37.18927    36.98061    36.77077
 .10000E+05        2595.00      37.18528    36.97456    36.77010
 .10000E+05        2605.00      37.18151    36.96885    36.76942
 .10000E+05        2615.00      37.17761    36.96291    36.76874
 .10000E+05        2625.00      37.17419    36.95772    36.76805
 .10000E+05        2635.00      37.17070    36.95240    36.76737
 .10000E+05        2645.00      37.16757    36.94767    36.76669
 .10000E+05        2655.00      37.16404    36.94225    36.76600
 .10000E+05        2665.00      37.15969    36.93545    36.76531
 .10000E+05        2675.00      37.15610    36.92989    36.76463
 .10000E+05        2685.00      37.15318    36.92543    36.76394
 .10000E+05        2695.00      37.14881    36.91850    36.76325
 .10000E+05        2705.00      37.14569    36.91369    36.76256
 .10000E+05        2715.00      37.14201    36.90788    36.76186
 .10000E+05        2725.00      37.13841    36.90220    36.76117
 .10000E+05        2735.00      37.13451    36.89595    36.76048
 .10000E+05        2745.00      37.13148    36.89120    36.75978
 .10000E+05        2755.00      37.12821    36.88603    36.75909
 .10000E+05        2765.00      37.12468    36.88038    36.75839
 .10000E+05        2775.00      37.12208    36.87633    36.75769
 .10000E+05        2785.00      37.11856    36.87065    36.75699
 .10000E+05        2795.00      37.11328    36.86182    36.75629
 .10000E+05        2805.00      37.11118    36.85862    36.75559
 .10000E+05        2815.00      37.10897    36.85521    36.75488
 .10000E+05        2825.00      37.10529    36.84915    36.75418
 .10000E+05        2835.00      37.10137    36.84264    36.75348
 .10000E+05        2845.00      37.09883    36.83860    36.75277
 .10000E+05        2855.00      37.09560    36.83329    36.75206
 .10000E+05        2865.00      37.09351    36.82850    36.75321
 .10000E+05        2875.00      37.09113    36.82313    36.75436
 .10000E+05        2885.00      37.08900    36.81818    36.75550
 .10000E+05        2895.00      37.08680    36.81306    36.75664
 .10000E+05        2910.00      37.08356    36.80543    36.75834
 .10000E+05        2930.00      37.07927    36.79518    36.76060
 .10000E+05        2950.00      37.07452    36.78388    36.76286
 .10000E+05        2970.00      37.07080    36.77439    36.76509
 .10000E+05        2990.00      37.06666    36.76393    36.76732
 .10000E+05        3010.00      37.06280    36.75386    36.76954
 .10000E+05        3030.00      37.05915    36.74406    36.77174
 .10000E+05        3050.00      37.05553    36.73415    36.77393
 .10000E+05        3070.00      37.05219    36.72467    36.77612
 .10000E+05        3090.00      37.04857    36.71445    36.77829
 .10000E+05        3110.00      37.04547    36.70517    36.78045
 .10000E+05        3130.00      37.04198    36.69487    36.78260
 .10000E+05        3150.00      37.03893    36.68538    36.78474
 .10000E+05        3170.00      37.03588    36.67574    36.78687
 .10000E+05        3190.00      37.03260    36.66539    36.78899
 .10000E+05        3210.00      37.02975    36.65585    36.79109
 .10000E+05        3230.00      37.02736    36.64727    36.79319
 .10000E+05        3250.00      37.02473    36.63796    36.79528
 .10000E+05        3270.00      37.02200    36.62821    36.79736
 .10000E+05        3290.00      37.01965    36.61926    36.79942
 .10000E+05        3310.00      37.01734    36.61025    36.80148
 .10000E+05        3330.00      37.01495    36.60088    36.80353
 .10000E+05        3350.00      37.01279    36.59107    36.80610
 .10000E+05        3370.00      37.01111    36.58231    36.80869
 .10000E+05        3390.00      37.00947    36.57346    36.81126
 .10000E+05        3410.00      37.00783    36.56448    36.81381
 .10000E+05        3430.00      36.98569    36.55435    36.78477
 .10000E+05        3450.00      36.98389    36.54513    36.78727
 .10000E+05        3470.00      36.98270    36.53745    36.78975
 .10000E+05        3490.00      36.98118    36.52870    36.79222
 .10000E+05        3510.00      36.97985    36.52035    36.79468
 .10000E+05        3530.00      36.97843    36.51156    36.79712
 .10000E+05        3550.00      36.97708    36.50281    36.79955
 .10000E+05        3570.00      36.97594    36.49454    36.80197
 .10000E+05        3590.00      36.97446    36.48507    36.80437
 .10000E+05        3610.00      36.97337    36.47665    36.80676
 .10000E+05        3630.00      36.97227    36.46803    36.80914
 .10000E+05        3640.00      36.97170    36.46358    36.81032
 .10000E+05        3650.00      36.64828    36.48410    36.14630
 .10000E+05        3670.00      36.64211    36.47596    36.14439
 .10000E+05        3690.00      36.63413    36.46513    36.14248
 .10000E+05        3710.00      36.62542    36.45314    36.14056
 .10000E+05        3730.00      36.61822    36.44335    36.13863
 .10000E+05        3750.00      36.61707    36.44260    36.13670
 .10000E+05        3770.00      36.61189    36.43581    36.13475
 .10000E+05        3790.00      36.61208    36.43706    36.13279
 .10000E+05        3810.00      36.61256    36.43876    36.13083
 .10000E+05        3830.00      36.59619    36.41512    36.12885
 .10000E+05        3850.00      36.60533    36.42991    36.12687
 .10000E+05        3870.00      36.60302    36.42744    36.12488
 .10000E+05        3890.00      36.57616    36.38765    36.12288
 .10000E+05        3910.00      36.59328    36.41481    36.12086
 .10000E+05        3930.00      36.58739    36.40695    36.11884
 .10000E+05        3950.00      36.58111    36.39846    36.11681
 .10000E+05        3970.00      36.55243    36.35517    36.11478
 .10000E+05        3990.00      36.56926    36.38250    36.11273
 .10000E+05        4010.00      36.56624    36.37895    36.11067
 .10000E+05        4030.00      36.55866    36.36837    36.10860
 .10000E+05        4050.00      36.55545    36.36454    36.10653
 .10000E+05        4070.00      36.54808    36.35423    36.10444
 .10000E+05        4090.00      36.53438    36.33387    36.10234
 .10000E+05        4110.00      36.51829    36.30935    36.10023
 .10000E+05        4130.00      36.53040    36.33003    36.09811
 .10000E+05        4150.00      36.52635    36.32485    36.09599
 .10000E+05        4170.00      36.52195    36.31910    36.09385
 .10000E+05        4190.00      36.51675    36.31207    36.09170
 .10000E+05        4210.00      36.51131    36.30466    36.08953
 .10000E+05        4230.00      36.50595    36.29735    36.08736
 .10000E+05        4250.00      36.50013    36.28926    36.08518
 .10000E+05        4270.00      36.49399    36.28063    36.08299
 .10000E+05        4290.00      36.48917    36.27415    36.08078
 .10000E+05        4310.00      36.48254    36.26467    36.07857
 .10000E+05        4330.00      36.46802    36.24194    36.07634
 .10000E+05        4350.00      36.45592    36.22298    36.07410
 .10000E+05        4370.00      36.46675    36.24287    36.07185
 .10000E+05        4390.00      36.46193    36.23631    36.06959
 .10000E+05        4410.00      36.45796    36.23118    36.06732
 .10000E+05        4430.00      36.45298    36.22433    36.06503
 .10000E+05        4450.00      36.44804    36.21755    36.06274
 .10000E+05        4470.00      36.43998    36.20543    36.06042
 .10000E+05        4490.00      36.43742    36.20270    36.05811
 .10000E+05        4510.00      36.43276    36.19636    36.05577
 .10000E+05        4530.00      36.42772    36.18936    36.05342
 .10000E+05        4550.00      36.42222    36.18156    36.05106
 .10000E+05        4570.00      36.41788    36.17575    36.04869
 .10000E+05        4590.00      36.41276    36.16858    36.04630
 .10000E+05        4610.00      36.40781    36.16171    36.04390
 .10000E+05        4630.00      36.40261    36.15436    36.04149
 .10000E+05        4650.00      36.39652    36.14542    36.03906
 .10000E+05        4670.00      36.39297    36.14099    36.03662
 .10000E+05        4690.00      36.38729    36.13277    36.03417
 .10000E+05        4710.00      36.38216    36.12550    36.03170
 .10000E+05        4730.00      36.37864    36.12113    36.02922
 .10000E+05        4750.00      36.37367    36.11416    36.02673
 .10000E+05        4770.00      36.36932    36.10829    36.02422
 .10000E+05        4790.00      36.36444    36.10147    36.02169
 .10000E+05        4810.00      36.35934    36.09422    36.01915
 .10000E+05        4830.00      36.35368    36.08593    36.01660
 .10000E+05        4850.00      36.34180    36.06596    36.01403
 .10000E+05        4870.00      36.32902    36.04392    36.01144
 .10000E+05        4890.00      36.33911    36.06548    36.00884
 .10000E+05        4910.00      36.33565    36.06126    36.00623
 .10000E+05        4930.00      36.32973    36.05244    36.00360
 .10000E+05        4950.00      36.32652    36.04873    36.00095
 .10000E+05        4970.00      36.32221    36.04293    35.99828
 .10000E+05        4990.00      36.31749    36.03637    35.99561
 .10000E+05        5010.00      36.31148    36.02731    35.99291
 .10000E+05        5030.00      36.30817    36.02345    35.99019
 .10000E+05        5050.00      36.30294    36.01589    35.98746
 .10000E+05        5070.00      36.29917    36.01117    35.98471
 .10000E+05        5090.00      36.29459    36.00488    35.98195
 .10000E+05        5110.00      36.29000    35.99855    35.97916
 .10000E+05        5130.00      36.28529    35.99202    35.97636
 .10000E+05        5150.00      36.28063    35.98557    35.97354
 .10000E+05        5170.00      36.27618    35.97956    35.97070
 .10000E+05        5190.00      36.27174    35.97356    35.96785
 .10000E+05        5210.00      36.26720    35.96737    35.96497
 .10000E+05        5230.00      36.26273    35.96132    35.96208
 .10000E+05        5250.00      36.25822    35.95520    35.95916
 .10000E+05        5270.00      36.25357    35.94882    35.95623
 .10000E+05        5290.00      36.24934    35.94329    35.95328
 .10000E+05        5310.00      36.24480    35.93714    35.95030
 .10000E+05        5330.00      36.24023    35.93093    35.94731
 .10000E+05        5350.00      36.23579    35.92502    35.94429
 .10000E+05        5370.00      36.23141    35.91924    35.94125
 .10000E+05        5390.00      36.22696    35.91331    35.93819
 .10000E+05        5410.00      36.22204    35.90643    35.93512
 .10000E+05        5430.00      36.21799    35.90135    35.93201
 .10000E+05        5450.00      36.21350    35.89540    35.92889
 .10000E+05        5470.00      36.20908    35.88960    35.92574
 .10000E+05        5490.00      36.20469    35.88388    35.92258
 .10000E+05        5510.00      36.20024    35.87806    35.91938
 .10000E+05        5530.00      36.19576    35.87217    35.91616
 .10000E+05        5550.00      36.19130    35.86637    35.91293
 .10000E+05        5570.00      36.18686    35.86062    35.90966
 .10000E+05        5590.00      36.18239    35.85482    35.90637
 .10000E+05        5610.00      36.17802    35.84925    35.90306
 .10000E+05        5630.00      36.17358    35.84356    35.89972
 .10000E+05        5650.00      36.16896    35.83751    35.89635
 .10000E+05        5670.00      36.16443    35.83168    35.89296
 .10000E+05        5690.00      36.16014    35.82639    35.88954
 .10000E+05        5710.00      36.15556    35.81897    35.88739
 .10000E+05        5730.00      36.15258    35.81349    35.88654
 .10000E+05        5750.00      36.14948    35.80772    35.88568
 .10000E+05        5770.00      36.14678    35.80280    35.88483
 .10000E+05        5790.00      36.14415    35.79802    35.88397
 .10000E+05        5810.00      36.14172    35.79366    35.88311
 .10000E+05        5830.00      36.13884    35.78831    35.88225
 .10000E+05        5850.00      36.13602    35.78305    35.88139
 .10000E+05        5870.00      36.13130    35.77344    35.88052
 .10000E+05        5890.00      36.12997    35.77153    35.87965
 .10000E+05        5910.00      36.12739    35.76672    35.87878
 .10000E+05        5930.00      36.12449    35.76118    35.87791
 .10000E+05        5950.00      36.12157    35.75556    35.87704
 .10000E+05        5970.00      36.11890    35.75051    35.87617
 .10000E+05        5990.00      36.11606    35.74504    35.87529
 .10000E+05        6010.00      36.11332    35.73976    35.87442
 .10000E+05        6030.00      36.11050    35.73430    35.87354
 .10000E+05        6050.00      36.10778    35.72902    35.87266
 .10000E+05        6070.00      36.10506    35.72375    35.87177
 .10000E+05        6090.00      36.10241    35.71857    35.87089
 .10000E+05        6110.00      36.09969    35.71324    35.87000
 .10000E+05        6130.00      36.09696    35.70786    35.86912
 .10000E+05        6150.00      36.09417    35.70230    35.86823
 .10000E+05        6170.00      36.09156    35.69717    35.86733
 .10000E+05        6190.00      36.08907    35.69231    35.86644
 .10000E+05        6210.00      36.08647    35.68713    35.86555
 .10000E+05        6230.00      36.08378    35.68172    35.86465
 .10000E+05        6250.00      36.08113    35.67641    35.86375
 .10000E+05        6270.00      36.07869    35.67157    35.86285
 .10000E+05        6290.00      36.07616    35.66651    35.86195
 .10000E+05        6310.00      36.07352    35.66113    35.86104
 .10000E+05        6330.00      36.07106    35.65620    35.86013
 .10000E+05        6350.00      36.06832    35.65052    35.85923
 .10000E+05        6370.00      36.06594    35.64575    35.85831
 .10000E+05        6390.00      36.06357    35.64100    35.85740
 .10000E+05        6410.00      36.06100    35.63568    35.85649
 .10000E+05        6430.00      36.05862    35.63087    35.85558
 .10000E+05        6450.00      36.05610    35.62563    35.85466
 .10000E+05        6470.00      36.05365    35.62059    35.85374
 .10000E+05        6490.00      36.05119    35.61548    35.85281
 .10000E+05        6510.00      36.04871    35.61030    35.85189
 .10000E+05        6530.00      36.04580    35.60391    35.85096
 .10000E+05        6550.00      36.04054    35.59088    35.85004
 .10000E+05        6570.00      36.03155    35.56686    35.84911
 .10000E+05        6590.00      36.03805    35.58725    35.84818
 .10000E+05        6610.00      36.03678    35.58537    35.84724
 .10000E+05        6630.00      36.03466    35.58107    35.84631
 .10000E+05        6650.00      36.03239    35.57634    35.84537
 .10000E+05        6670.00      36.02962    35.57017    35.84443
 .10000E+05        6690.00      36.02728    35.56518    35.84348
 .10000E+05        6710.00      36.02554    35.56190    35.84254
 .10000E+05        6730.00      36.02324    35.55702    35.84159
 .10000E+05        6750.00      36.02101    35.55231    35.84064
 .10000E+05        6770.00      36.01881    35.54769    35.83970
 .10000E+05        6790.00      36.01649    35.54266    35.83875
 .10000E+05        6810.00      36.01434    35.53814    35.83779
 .10000E+05        6830.00      36.01211    35.53334    35.83683
 .10000E+05        6850.00      36.00987    35.52854    35.83588
 .10000E+05        6870.00      36.00771    35.52391    35.83492
 .10000E+05        6890.00      36.00542    35.51892    35.83395
 .10000E+05        6910.00      36.00333    35.51447    35.83298
 .10000E+05        6930.00      36.00116    35.50979    35.83202
 .10000E+05        6950.00      35.99899    35.50510    35.83105
 .10000E+05        6970.00      35.99686    35.50050    35.83008
 .10000E+05        6990.00      35.99473    35.49590    35.82911
 .10000E+05        7010.00      35.99256    35.49120    35.82810
 .10000E+05        7030.00      35.99038    35.48651    35.82706
 .10000E+05        7050.00      35.98820    35.48184    35.82602
 .10000E+05        7070.00      35.98545    35.47530    35.82498
 .10000E+05        7090.00      35.98397    35.47286    35.82393
 .10000E+05        7110.00      35.98175    35.46798    35.82288
 .10000E+05        7130.00      35.97964    35.46347    35.82183
 .10000E+05        7150.00      35.97756    35.45903    35.82078
 .10000E+05        7170.00      35.97539    35.45430    35.81972
 .10000E+05        7190.00      35.97336    35.45001    35.81866
 .10000E+05        7210.00      35.97130    35.44560    35.81760
 .10000E+05        7230.00      35.96896    35.44025    35.81654
 .10000E+05        7250.00      35.96709    35.43645    35.81547
 .10000E+05        7270.00      35.96507    35.43213    35.81440
 .10000E+05        7290.00      35.96268    35.42654    35.81333
 .10000E+05        7310.00      35.96093    35.42317    35.81226
 .10000E+05        7330.00      35.95888    35.41872    35.81118
 .10000E+05        7350.00      35.95683    35.41428    35.81010
 .10000E+05        7370.00      35.95480    35.40987    35.80902
 .10000E+05        7390.00      35.95275    35.40541    35.80793
 .10000E+05        7410.00      35.95071    35.40094    35.80684
 .10000E+05        7430.00      35.94870    35.39659    35.80575
 .10000E+05        7450.00      35.94670    35.39223    35.80466
 .10000E+05        7470.00      35.94468    35.38782    35.80356
 .10000E+05        7490.00      35.94270    35.38353    35.80246
 .10000E+05        7510.00      35.94072    35.37926    35.80136
 .10000E+05        7530.00      35.93874    35.37497    35.80026
 .10000E+05        7550.00      35.93676    35.37063    35.79915
 .10000E+05        7570.00      35.93479    35.36636    35.79804
 .10000E+05        7590.00      35.93273    35.36171    35.79693
 .10000E+05        7610.00      35.93085    35.35775    35.79581
 .10000E+05        7630.00      35.92890    35.35350    35.79469
 .10000E+05        7650.00      35.92693    35.34917    35.79357
 .10000E+05        7670.00      35.92498    35.34495    35.79245
 .10000E+05        7690.00      35.92304    35.34071    35.79132
 .10000E+05        7710.00      35.92110    35.33647    35.79019
 .10000E+05        7730.00      35.91916    35.33223    35.78905
 .10000E+05        7750.00      35.91722    35.32798    35.78792
 .10000E+05        7770.00      35.91512    35.32310    35.78678
 .10000E+05        7790.00      35.91340    35.31969    35.78564
 .10000E+05        7810.00      35.91146    35.31543    35.78449
 .10000E+05        7830.00      35.90956    35.31131    35.78334
 .10000E+05        7850.00      35.90762    35.30703    35.78219
 .10000E+05        7870.00      35.90567    35.30267    35.78104
 .10000E+05        7890.00      35.90375    35.29845    35.77988
 .10000E+05        7910.00      35.90192    35.29460    35.77872
 .10000E+05        7930.00      35.90001    35.29039    35.77756
 .10000E+05        7950.00      35.89810    35.28622    35.77639
 .10000E+05        7970.00      35.89626    35.28226    35.77522
 .10000E+05        7990.00      35.89436    35.27813    35.77405
 .10000E+05        8010.00      35.89251    35.27417    35.77287
 .10000E+05        8030.00      35.89066    35.27016    35.77169
 .10000E+05        8050.00      35.88878    35.26608    35.77051
 .10000E+05        8070.00      35.88695    35.26218    35.76932
 .10000E+05        8090.00      35.88503    35.25793    35.76814
 .10000E+05        8110.00      35.88316    35.25386    35.76694
 .10000E+05        8130.00      35.88137    35.25013    35.76575
 .10000E+05        8150.00      35.87945    35.24580    35.76455
 .10000E+05        8170.00      35.87765    35.24205    35.76334
 .10000E+05        8190.00      35.87572    35.23769    35.76214
 .10000E+05        8210.00      35.64420    35.23545    35.42942
 .10000E+05        8230.00      35.64224    35.23143    35.42876
 .10000E+05        8250.00      35.64052    35.22802    35.42811
 .10000E+05        8270.00      35.63847    35.22373    35.42746
 .10000E+05        8290.00      35.63675    35.22031    35.42681
 .10000E+05        8310.00      35.63487    35.21645    35.42615
 .10000E+05        8330.00      35.63292    35.21239    35.42550
 .10000E+05        8350.00      35.63093    35.20823    35.42484
 .10000E+05        8370.00      35.62915    35.20458    35.42418
 .10000E+05        8390.00      35.62735    35.20090    35.42352
 .10000E+05        8410.00      35.62542    35.19685    35.42286
 .10000E+05        8430.00      35.62341    35.19254    35.42220
 .10000E+05        8450.00      35.62124    35.18781    35.42154
 .10000E+05        8470.00      35.61945    35.18409    35.42088
 .10000E+05        8490.00      35.61767    35.18037    35.42021
 .10000E+05        8510.00      35.61535    35.17516    35.41954
 .10000E+05        8530.00      35.61427    35.17336    35.41888
 .10000E+05        8550.00      35.61069    35.16459    35.41821
 .10000E+05        8570.00      35.61164    35.16843    35.41755
 .10000E+05        8590.00      35.60748    35.15802    35.41687
 .10000E+05        8610.00      35.60580    35.15449    35.41621
 .10000E+05        8630.00      35.60712    35.15942    35.41553
 .10000E+05        8650.00      35.60358    35.15067    35.41486
 .10000E+05        8670.00      35.59811    35.13624    35.41419
 .10000E+05        8690.00      35.60143    35.14702    35.41351
 .10000E+05        8710.00      35.60101    35.14709    35.41284
 .10000E+05        8730.00      35.59753    35.13839    35.41216
 .10000E+05        8750.00      35.59029    35.11856    35.41148
 .10000E+05        8770.00      35.59294    35.12766    35.41080
 .10000E+05        8790.00      35.59425    35.13278    35.41013
 .10000E+05        8810.00      35.59289    35.13012    35.40945
 .10000E+05        8830.00      35.59060    35.12473    35.40876
 .10000E+05        8850.00      35.58512    35.10988    35.40808
 .10000E+05        8870.00      35.57958    35.09454    35.40739
 .10000E+05        8890.00      35.58447    35.11066    35.40671
 .10000E+05        8910.00      35.58437    35.11171    35.40602
 .10000E+05        8930.00      35.58298    35.10896    35.40534
 .10000E+05        8950.00      35.58146    35.10577    35.40465
 .10000E+05        8970.00      35.57947    35.10119    35.40396
 .10000E+05        8990.00      35.57618    35.09263    35.40327
 .10000E+05        9010.00      35.56808    35.06897    35.40258
 .10000E+05        9030.00      35.56928    35.07422    35.40189
 .10000E+05        9050.00      35.57203    35.08419    35.40119
 .10000E+05        9070.00      35.57092    35.08224    35.40050
 .10000E+05        9090.00      35.56973    35.08001    35.39980
 .10000E+05        9110.00      35.56837    35.07727    35.39911
 .10000E+05        9130.00      35.56683    35.07396    35.39841
 .10000E+05        9150.00      35.56515    35.07019    35.39771
 .10000E+05        9170.00      35.56325    35.06572    35.39701
 .10000E+05        9190.00      35.56116    35.06065    35.39631
 .10000E+05        9210.00      35.55702    35.04899    35.39560
 .10000E+05        9230.00      35.54890    35.02393    35.39490
 .10000E+05        9250.00      35.55347    35.04063    35.39419
 .10000E+05        9270.00      35.55445    35.04541    35.39349
 .10000E+05        9290.00      35.55371    35.04460    35.39278
 .10000E+05        9310.00      35.55221    35.04132    35.39207
 .10000E+05        9330.00      35.55083    35.03843    35.39136
 .10000E+05        9350.00      35.54909    35.03435    35.39065
 .10000E+05        9370.00      35.54774    35.03156    35.38994
 .10000E+05        9390.00      35.54621    35.02815    35.38923
 .10000E+05        9410.00      35.54449    35.02414    35.38851
 .10000E+05        9430.00      35.54307    35.02106    35.38779
 .10000E+05        9450.00      35.54147    35.01740    35.38708
 .10000E+05        9470.00      35.53965    35.01299    35.38636
 .10000E+05        9490.00      35.53810    35.00946    35.38564
 .10000E+05        9510.00      35.53564    35.00285    35.38492
 .10000E+05        9530.00      35.53156    34.99055    35.38420
 .10000E+05        9550.00      35.52452    34.96748    35.38348
 .10000E+05        9570.00      35.52955    34.98715    35.38275
 .10000E+05        9590.00      35.53005    34.99067    35.38203
 .10000E+05        9610.00      35.52894    34.98864    35.38130
 .10000E+05        9630.00      35.52745    34.98524    35.38057
 .10000E+05        9650.00      35.52629    34.98301    35.37984
 .10000E+05        9670.00      35.52480    34.97963    35.37912
 .10000E+05        9690.00      35.52333    34.97631    35.37838
 .10000E+05        9710.00      35.52169    34.97234    35.37765
 .10000E+05        9730.00      35.52040    34.96965    35.37692
 .10000E+05        9750.00      35.51891    34.96622    35.37618
 .10000E+05        9770.00      35.51742    34.96278    35.37545
 .10000E+05        9790.00      35.51600    34.95959    35.37471
 .10000E+05        9810.00      35.51452    34.95619    35.37397
 .10000E+05        9830.00      35.51305    34.95280    35.37323
 .10000E+05        9850.00      35.51158    34.94941    35.37249
 .10000E+05        9870.00      35.51012    34.94605    35.37175
 .10000E+05        9890.00      35.50865    34.94261    35.37100
 .10000E+05        9910.00      35.50714    34.93906    35.37026
 .10000E+05        9930.00      35.50576    34.93596    35.36951
 .10000E+05        9950.00      35.50428    34.93247    35.36877
 .10000E+05        9970.00      35.50277    34.92890    35.36802
 .10000E+05        9990.00      35.50119    34.92501    35.36727
 .10000E+05       10025.00      35.49621    34.90972    35.36595
 .10000E+05       10075.00      35.49184    34.89819    35.36406
 .10000E+05       10125.00      35.49137    34.90187    35.36217
 .10000E+05       10175.00      35.48841    34.89584    35.36027
 .10000E+05       10225.00      35.48499    34.88795    35.35835
 .10000E+05       10275.00      35.48154    34.87997    35.35643
 .10000E+05       10325.00      35.47793    34.87128    35.35451
 .10000E+05       10375.00      35.47459    34.86364    35.35257
 .10000E+05       10425.00      35.47118    34.85571    35.35062
 .10000E+05       10475.00      35.46778    34.84775    35.34867
 .10000E+05       10525.00      35.46441    34.83988    35.34671
 .10000E+05       10575.00      35.46106    34.83208    35.34473
 .10000E+05       10625.00      35.45770    34.82418    35.34275
 .10000E+05       10675.00      35.45428    34.81602    35.34076
 .10000E+05       10725.00      35.45108    34.80882    35.33876
 .10000E+05       10775.00      35.44778    34.80112    35.33675
 .10000E+05       10825.00      35.44408    34.79160    35.33473
 .10000E+05       10875.00      35.44083    34.78405    35.33271
 .10000E+05       10925.00      35.43395    34.75955    35.33067
 .10000E+05       10975.00      35.43324    34.76381    35.32862
 .10000E+05       11025.00      35.43122    34.76190    35.32657
 .10000E+05       11075.00      35.42823    34.75550    35.32450
 .10000E+05       11125.00      35.42499    34.74795    35.32243
 .10000E+05       11175.00      35.42183    34.74070    35.32034
 .10000E+05       11225.00      35.41864    34.73334    35.31824
 .10000E+05       11275.00      35.41538    34.72564    35.31614
 .10000E+05       11325.00      35.41219    34.71825    35.31402
 .10000E+05       11375.00      35.40904    34.71103    35.31189
 .10000E+05       11425.00      35.40590    34.70384    35.30975
 .10000E+05       11475.00      35.40279    34.69682    35.30761
 .10000E+05       11525.00      35.39964    34.68960    35.30545
 .10000E+05       11575.00      35.39646    34.68226    35.30328
 .10000E+05       11625.00      35.39320    34.67446    35.30110
 .10000E+05       11675.00      35.39012    34.66759    35.29891
 .10000E+05       11725.00      35.38708    34.66094    35.29671
 .10000E+05       11775.00      35.38389    34.65350    35.29449
 .10000E+05       11825.00      35.38079    34.64658    35.29227
 .10000E+05       11875.00      35.37764    34.63933    35.29003
 .10000E+05       11925.00      35.37460    34.63272    35.28778
 .10000E+05       11975.00      35.37130    34.62472    35.28552
 .10000E+05       12025.00      35.36839    34.61882    35.28325
 .10000E+05       12075.00      35.36526    34.61177    35.28097
 .10000E+05       12125.00      35.36214    34.60479    35.27867
 .10000E+05       12175.00      35.35905    34.59803    35.27636
 .10000E+05       12225.00      35.35595    34.59118    35.27404
 .10000E+05       12275.00      35.35286    34.58440    35.27171
 .10000E+05       12325.00      35.34976    34.57762    35.26937
 .10000E+05       12375.00      35.34666    34.57082    35.26701
 .10000E+05       12425.00      35.34358    34.56425    35.26464
 .10000E+05       12475.00      35.34048    34.55754    35.26225
 .10000E+05       12525.00      35.33735    34.55066    35.25986
 .10000E+05       12575.00      35.33426    34.54409    35.25745
 .10000E+05       12625.00      35.33114    34.53735    35.25502
 .10000E+05       12675.00      35.32805    34.53083    35.25259
 .10000E+05       12725.00      35.32488    34.52387    35.25014
 .10000E+05       12775.00      35.32114    34.51324    35.24767
 .10000E+05       12825.00      35.31580    34.49203    35.24519
 .10000E+05       12875.00      35.31520    34.50202    35.24270
 .10000E+05       12925.00      35.31244    34.49787    35.24019
 .10000E+05       12975.00      35.30929    34.49124    35.23767
 .10000E+05       13025.00      35.30627    34.48552    35.23513
 .10000E+05       13075.00      35.30314    34.47911    35.23258
 .10000E+05       13125.00      35.29998    34.47254    35.23001
 .10000E+05       13175.00      35.29683    34.46619    35.22743
 .10000E+05       13225.00      35.29371    34.46001    35.22483
 .10000E+05       13275.00      35.29054    34.45362    35.22222
 .10000E+05       13325.00      35.28738    34.44732    35.21959
 .10000E+05       13375.00      35.28421    34.44102    35.21695
 .10000E+05       13425.00      35.28104    34.43481    35.21429
 .10000E+05       13475.00      35.27789    34.42874    35.21161
 .10000E+05       13525.00      35.27469    34.42253    35.20892
 .10000E+05       13575.00      35.27148    34.41628    35.20620
 .10000E+05       13625.00      35.26827    34.41003    35.20348
 .10000E+05       13675.00      35.26507    34.40401    35.20073
 .10000E+05       13725.00      35.26184    34.39786    35.19797
 .10000E+05       13775.00      35.25863    34.39188    35.19519
 .10000E+05       13825.00      35.25538    34.38577    35.19239
 .10000E+05       13875.00      35.25212    34.37963    35.18957
 .10000E+05       13925.00      35.24886    34.37365    35.18674
 .10000E+05       13975.00      35.24561    34.36776    35.18388
 .10000E+05       14025.00      35.24232    34.36174    35.18101
 .10000E+05       14075.00      35.23902    34.35579    35.17812
 .10000E+05       14125.00      35.23569    34.34969    35.17521
 .10000E+05       14175.00      35.23240    34.34394    35.17228
 .10000E+05       14225.00      35.22906    34.33803    35.16933
 .10000E+05       14275.00      35.22572    34.33215    35.16636
 .10000E+05       14325.00      35.22237    34.32635    35.16336
 .10000E+05       14375.00      35.21900    34.32047    35.16035
 .10000E+05       14425.00      35.21555    34.31415    35.15732
 .10000E+05       14475.00      35.21220    34.30876    35.15427
 .10000E+05       14525.00      35.20877    34.30277    35.15119
 .10000E+05       14570.00      35.20570    34.29770    35.14840
 .10000E+05       14620.00      35.05652    34.29333    34.97429
 .10000E+05       14675.00      35.05436    34.28711    34.97296
 .10000E+05       14725.00      35.05238    34.28141    34.97175
 .10000E+05       14775.00      35.05038    34.27552    34.97054
 .10000E+05       14825.00      35.04846    34.27011    34.96932
 .10000E+05       14875.00      35.04647    34.26424    34.96810
 .10000E+05       14925.00      35.04459    34.25897    34.96688
 .10000E+05       14975.00      35.04263    34.25327    34.96565
 .10000E+05       15025.00      35.04066    34.24748    34.96442
 .10000E+05       15075.00      35.03868    34.24159    34.96319
 .10000E+05       15125.00      35.03678    34.23618    34.96195
 .10000E+05       15175.00      35.03485    34.23055    34.96071
 .10000E+05       15225.00      35.03291    34.22485    34.95947
 .10000E+05       15275.00      35.03098    34.21925    34.95822
 .10000E+05       15325.00      35.02902    34.21336    34.95697
 .10000E+05       15375.00      35.02714    34.20799    34.95571
 .10000E+05       15425.00      35.02515    34.20189    34.95446
 .10000E+05       15475.00      35.02337    34.19715    34.95319
 .10000E+05       15525.00      35.02144    34.19141    34.95193
 .10000E+05       15575.00      35.01939    34.18484    34.95066
 .10000E+05       15625.00      35.01788    34.18195    34.94938
 .10000E+05       15675.00      35.01568    34.17431    34.94810
 .10000E+05       15725.00      35.01369    34.16812    34.94683
 .10000E+05       15775.00      35.01234    34.16637    34.94554
 .10000E+05       15825.00      35.01041    34.16055    34.94425
 .10000E+05       15875.00      35.00774    34.14942    34.94296
 .10000E+05       15925.00      35.00651    34.14856    34.94167
 .10000E+05       15975.00      35.00511    34.14658    34.94036
 .10000E+05       16050.00      35.00204    34.13647    34.93841
 .10000E+05       16150.00      34.99792    34.12278    34.93578
 .10000E+05       16250.00      34.99503    34.11825    34.93314
 .10000E+05       16350.00      34.99096    34.10487    34.93049
 .10000E+05       16450.00      34.98686    34.09104    34.92782
 .10000E+05       16550.00      34.98408    34.08762    34.92513
 .10000E+05       16650.00      34.98045    34.07757    34.92242
 .10000E+05       16750.00      34.97633    34.06358    34.91970
 .10000E+05       16850.00      34.97221    34.04941    34.91696
 .10000E+05       16950.00      34.96952    34.04723    34.91420
 .10000E+05       17050.00      34.96585    34.03693    34.91143
 .10000E+05       17150.00      34.96233    34.02785    34.90864
 .10000E+05       17250.00      34.95860    34.01710    34.90583
 .10000E+05       17350.00      34.95380    33.99673    34.90300
 .10000E+05       17450.00      34.95119    33.99609    34.90015
 .10000E+05       17550.00      34.94782    33.98862    34.89729
 .10000E+05       17650.00      34.94421    33.97911    34.89440
 .10000E+05       17750.00      34.94058    33.96944    34.89149
 .10000E+05       17850.00      34.93695    33.95989    34.88857
 .10000E+05       17950.00      34.93334    33.95056    34.88563
 .10000E+05       18050.00      34.92963    33.94038    34.88266
 .10000E+05       18150.00      34.92496    33.92062    34.87968
 .10000E+05       18250.00      34.92208    33.91890    34.87667
 .10000E+05       18350.00      34.91876    33.91291    34.87365
 .10000E+05       18450.00      34.91512    33.90382    34.87060
 .10000E+05       18550.00      34.91144    33.89441    34.86753
 .10000E+05       18650.00      34.90758    33.88328    34.86444
 .10000E+05       18750.00      34.90301    33.86445    34.86133
 .10000E+05       18850.00      34.90033    33.86630    34.85820
 .10000E+05       18950.00      34.89671    33.85805    34.85504
 .10000E+05       19050.00      34.89299    33.84898    34.85186
 .10000E+05       19150.00      34.88932    33.84061    34.84865
 .10000E+05       19250.00      34.88558    33.83165    34.84542
 .10000E+05       19350.00      34.88172    33.82139    34.84217
 .10000E+05       19450.00      34.87700    33.80131    34.83890
 .10000E+05       19550.00      34.87420    33.80388    34.83559
 .10000E+05       19650.00      34.87054    33.79668    34.83227
 .10000E+05       19750.00      34.86674    33.78802    34.82891
 .10000E+05       19850.00      34.86293    33.77943    34.82553
 .10000E+05       19950.00      34.85910    33.77087    34.82213
 .10000E+05       20050.00      34.85527    33.76244    34.81870
 .10000E+05       20150.00      34.85141    33.75401    34.81524
 .10000E+05       20250.00      34.84752    33.74544    34.81175
 .10000E+05       20350.00      34.84363    33.73722    34.80824
 .10000E+05       20450.00      34.83973    33.72904    34.80469
 .10000E+05       20550.00      34.83577    33.72051    34.80112
 .10000E+05       20650.00      34.83182    33.71233    34.79752
 .10000E+05       20750.00      34.82782    33.70393    34.79388
 .10000E+05       20850.00      34.82384    33.69595    34.79021
 .10000E+05       20950.00      34.81982    33.68786    34.78652
 .10000E+05       21050.00      34.81577    33.67979    34.78279
 .10000E+05       21150.00      34.81165    33.67109    34.77904
 .10000E+05       21250.00      34.80758    33.66334    34.77525
 .10000E+05       21350.00      34.80346    33.65545    34.77142
 .10000E+05       21450.00      34.79930    33.64745    34.76756
 .10000E+05       21550.00      34.79506    33.63850    34.76366
 .10000E+05       21650.00      34.79007    33.61905    34.75974
 .10000E+05       21750.00      34.78654    33.62164    34.75577
 .10000E+05       21850.00      34.78242    33.61578    34.75177
 .10000E+05       21950.00      34.77815    33.60841    34.74773
 .10000E+05       22050.00      34.77383    33.60063    34.74365
 .10000E+05       22150.00      34.76946    33.59285    34.73954
 .10000E+05       22250.00      34.76506    33.58500    34.73539
 .10000E+05       22350.00      34.76065    33.57749    34.73119
 .10000E+05       22450.00      34.75620    33.56993    34.72696
 .10000E+05       22550.00      34.75170    33.56227    34.72268
 .10000E+05       22650.00      34.74717    33.55462    34.71836
 .10000E+05       22750.00      34.74261    33.54714    34.71399
 .10000E+05       22850.00      34.65485    33.54027    34.62014
 .10000E+05       22950.00      34.65265    33.53286    34.61837
 .10000E+05       23050.00      34.65046    33.52552    34.61660
 .10000E+05       23150.00      34.64826    33.51814    34.61482
 .10000E+05       23250.00      34.64605    33.51066    34.61303
 .10000E+05       23350.00      34.64387    33.50352    34.61124
 .10000E+05       23450.00      34.64168    33.49635    34.60943
 .10000E+05       23550.00      34.63948    33.48904    34.60762
 .10000E+05       23650.00      34.63728    33.48177    34.60580
 .10000E+05       23750.00      34.63506    33.47438    34.60398
 .10000E+05       23850.00      34.63287    33.46725    34.60214
 .10000E+05       23950.00      34.63067    33.46021    34.60030
 .10000E+05       24050.00      34.62846    33.45303    34.59845
 .10000E+05       24150.00      34.62625    33.44575    34.59660
 .10000E+05       24250.00      34.62403    33.43848    34.59473
 .10000E+05       24350.00      34.62183    33.43156    34.59286
 .10000E+05       24450.00      34.61961    33.42449    34.59098
 .10000E+05       24550.00      34.61741    33.41758    34.58909
 .10000E+05       24650.00      34.61518    33.41040    34.58719
 .10000E+05       24750.00      34.61294    33.40318    34.58529
 .10000E+05       24850.00      34.61076    33.39684    34.58337
 .10000E+05       24950.00      34.60849    33.38926    34.58145
 .10000E+05       25050.00      34.60639    33.38457    34.57952
 .10000E+05       25150.00      34.60411    33.37687    34.57758
 .10000E+05       25250.00      34.60176    33.36811    34.57563
 .10000E+05       25350.00      34.59962    33.36289    34.57368
 .10000E+05       25450.00      34.59742    33.35695    34.57171
 .10000E+05       25550.00      34.59512    33.34936    34.56973
 .10000E+05       25650.00      34.59275    33.34049    34.56775
 .10000E+05       25750.00      34.59063    33.33619    34.56576
 .10000E+05       25850.00      34.58842    33.33044    34.56376
 .10000E+05       25950.00      34.58615    33.32375    34.56174
 .10000E+05       26050.00      34.58379    33.31538    34.55972
 .10000E+05       26150.00      34.58134    33.30555    34.55769
 .10000E+05       26250.00      34.57867    33.29145    34.55565
 .10000E+05       26350.00      34.57695    33.29571    34.55360
 .10000E+05       26450.00      34.57476    33.29124    34.55154
 .10000E+05       26550.00      34.57246    33.28477    34.54948
 .10000E+05       26650.00      34.57010    33.27705    34.54739
 .10000E+05       26750.00      34.56757    33.26637    34.54531
 .10000E+05       26850.00      34.56548    33.26437    34.54321
 .10000E+05       26950.00      34.56324    33.25960    34.54110
 .10000E+05       27050.00      34.56092    33.25354    34.53898
 .10000E+05       27150.00      34.55859    33.24721    34.53685
 .10000E+05       27250.00      34.55624    33.24080    34.53471
 .10000E+05       27350.00      34.55389    33.23450    34.53256
 .10000E+05       27450.00      34.55149    33.22742    34.53040
 .10000E+05       27550.00      34.54887    33.21571    34.52822
 .10000E+05       27650.00      34.54664    33.21250    34.52604
 .10000E+05       27750.00      34.54440    33.20922    34.52385
 .10000E+05       27850.00      34.54204    33.20367    34.52164
 .10000E+05       27950.00      34.53965    33.19771    34.51942
 .10000E+05       28050.00      34.53725    33.19161    34.51720
 .10000E+05       28150.00      34.53483    33.18549    34.51495
 .10000E+05       28250.00      34.53241    33.17934    34.51270
 .10000E+05       28350.00      34.52998    33.17338    34.51044
 .10000E+05       28450.00      34.52754    33.16731    34.50817
 .10000E+05       28550.00      34.52507    33.16087    34.50588
 .10000E+05       28650.00      34.52251    33.15234    34.50358
 .10000E+05       28750.00      34.51981    33.14078    34.50127
 .10000E+05       28850.00      34.51764    33.14212    34.49895
 .10000E+05       28950.00      34.51520    33.13744    34.49661
 .10000E+05       29050.00      34.51271    33.13177    34.49426
 .10000E+05       29150.00      34.51020    33.12587    34.49190
 .10000E+05       29250.00      34.50768    33.11992    34.48952
 .10000E+05       29350.00      34.50516    33.11422    34.48714
 .10000E+05       29450.00      34.50262    33.10843    34.48474
 .10000E+05       29550.00      34.50007    33.10266    34.48232
 .10000E+05       29650.00      34.49751    33.09686    34.47990
 .10000E+05       29750.00      34.49493    33.09100    34.47746
 .10000E+05       29850.00      34.49236    33.08537    34.47500
 .10000E+05       29950.00      34.48976    33.07970    34.47253
 .10000E+05       30050.00      34.48715    33.07398    34.47005
 .10000E+05       30150.00      34.48452    33.06810    34.46755
 .10000E+05       30250.00      34.48186    33.06150    34.46504
 .10000E+05       30350.00      34.47895    33.04899    34.46251
 .10000E+05       30450.00      34.47640    33.04607    34.45997
 .10000E+05       30550.00      34.47390    33.04506    34.45741
 .10000E+05       30650.00      34.47124    33.04007    34.45484
 .10000E+05       30750.00      34.46854    33.03453    34.45226
 .10000E+05       30850.00      34.46584    33.02905    34.44965
 .10000E+05       30950.00      34.46312    33.02361    34.44704
 .10000E+05       31050.00      34.46038    33.01811    34.44440
 .10000E+05       31150.00      34.45762    33.01252    34.44175
 .10000E+05       31250.00      34.45486    33.00700    34.43909
 .10000E+05       31350.00      34.45208    33.00164    34.43641
 .10000E+05       31450.00      34.44928    32.99624    34.43370
 .10000E+05       31550.00      34.44647    32.99081    34.43099
 .10000E+05       31650.00      34.44365    32.98540    34.42826
 .10000E+05       31750.00      34.44080    32.97993    34.42551
 .10000E+05       31850.00      34.43795    32.97467    34.42274
 .10000E+05       31950.00      34.43507    32.96939    34.41995
 .10000E+05       32100.00      34.43074    32.96143    34.41574
 .10000E+05       32300.00      34.42488    32.95073    34.41006
 .10000E+05       32500.00      34.41897    32.94024    34.40430
 .10000E+05       32700.00      34.41299    32.92975    34.39847
 .10000E+05       32900.00      34.35903    32.91273    34.34321
 .10000E+05       33100.00      34.35612    32.90709    34.34039
 .10000E+05       33300.00      34.35308    32.89842    34.33756
 .10000E+05       33500.00      34.34998    32.88840    34.33471
 .10000E+05       33700.00      34.34687    32.87849    34.33184
 .10000E+05       33900.00      34.34374    32.86852    34.32895
 .10000E+05       34100.00      34.34059    32.85845    34.32604
 .10000E+05       34300.00      34.33743    32.84834    34.32311
 .10000E+05       34500.00      34.33425    32.83809    34.32017
 .10000E+05       34700.00      34.33106    32.82833    34.31720
 .10000E+05       34900.00      34.32786    32.81850    34.31421
 .10000E+05       35100.00      34.32465    32.80873    34.31120
 .10000E+05       35300.00      34.32141    32.79905    34.30817
 .10000E+05       35500.00      34.31816    32.78931    34.30512
 .10000E+05       35700.00      34.31490    32.77988    34.30204
 .10000E+05       35900.00      34.31163    32.77050    34.29895
 .10000E+05       36100.00      34.30833    32.76096    34.29583
 .10000E+05       36300.00      34.30501    32.75146    34.29269
 .10000E+05       36500.00      34.30166    32.74161    34.28953
 .10000E+05       36700.00      34.29832    32.73278    34.28634
 .10000E+05       36900.00      34.29493    32.72304    34.28313
 .10000E+05       37100.00      34.29154    32.71399    34.27990
 .10000E+05       37300.00      34.28804    32.70145    34.27664
 .10000E+05       37500.00      34.28456    32.69028    34.27336
 .10000E+05       37700.00      34.28124    32.68671    34.27005
 .10000E+05       37900.00      34.27778    32.67816    34.26672
 .10000E+05       38100.00      34.27426    32.66824    34.26336
 .10000E+05       38300.00      34.27074    32.65935    34.25998
 .10000E+05       38500.00      34.26721    32.65119    34.25657
 .10000E+05       38700.00      34.26365    32.64258    34.25313
 .10000E+05       38900.00      34.26004    32.63329    34.24966
 .10000E+05       39100.00      34.25639    32.62317    34.24617
 .10000E+05       39300.00      34.25279    32.61608    34.24265
 .10000E+05       39500.00      34.24913    32.60754    34.23910
 .10000E+05       39700.00      34.24544    32.59916    34.23552
 .10000E+05       39900.00      34.24171    32.59063    34.23191
 .10000E+05       40100.00      34.23793    32.58038    34.22827
 .10000E+05       40300.00      34.23414    32.57106    34.22460
 .10000E+05       40500.00      34.23024    32.55816    34.22090
 .10000E+05       40700.00      34.22654    32.55610    34.21716
 .10000E+05       40900.00      34.22269    32.54836    34.21340
 .10000E+05       41100.00      34.21880    32.54011    34.20960
 .10000E+05       41300.00      34.21487    32.53156    34.20576
 .10000E+05       41500.00      34.21089    32.52261    34.20190
 .10000E+05       41700.00      34.20685    32.51163    34.19800
 .10000E+05       41900.00      34.20288    32.50640    34.19406
 .10000E+05       42100.00      34.19884    32.49894    34.19009
 .10000E+05       42300.00      34.19475    32.49088    34.18608
 .10000E+05       42500.00      34.19062    32.48256    34.18203
 .10000E+05       42700.00      34.18647    32.47480    34.17795
 .10000E+05       42900.00      34.18226    32.46666    34.17382
 .10000E+05       43100.00      34.17803    32.45889    34.16966
 .10000E+05       43300.00      34.17376    32.45089    34.16545
 .10000E+05       43500.00      34.16943    32.44242    34.16121
 .10000E+05       43700.00      34.16502    32.43112    34.15693
 .10000E+05       43900.00      34.16066    32.42567    34.15260
 .10000E+05       44100.00      34.15626    32.41945    34.14822
 .10000E+05       44300.00      34.15178    32.41181    34.14381
 .10000E+05       44500.00      34.14726    32.40396    34.13934
 .10000E+05       44700.00      34.11251    32.39671    34.10407
 .10000E+05       44900.00      34.11233    32.38923    34.10403
 .10000E+05       45100.00      34.11214    32.38162    34.10398
 .10000E+05       45300.00      34.11195    32.37394    34.10394
 .10000E+05       45500.00      34.11177    32.36629    34.10390
 .10000E+05       45700.00      34.11160    32.35899    34.10385
 .10000E+05       45900.00      34.11142    32.35156    34.10381
 .10000E+05       46100.00      34.11125    32.34408    34.10376
 .10000E+05       46300.00      34.11107    32.33607    34.10372
 .10000E+05       46500.00      34.11078    32.32117    34.10368
 .10000E+05       46700.00      34.11065    32.31583    34.10363
 .10000E+05       46900.00      34.11057    32.31338    34.10358
 .10000E+05       47100.00      34.11043    32.30747    34.10354
 .10000E+05       47300.00      34.11028    32.30036    34.10350
 .10000E+05       47500.00      34.11012    32.29299    34.10345
 .10000E+05       47700.00      34.10997    32.28598    34.10341
 .10000E+05       47900.00      34.10982    32.27892    34.10336
 .10000E+05       48100.00      34.10967    32.27180    34.10332
 .10000E+05       48300.00      34.10953    32.26468    34.10328
 .10000E+05       48500.00      34.10938    32.25748    34.10323
 .10000E+05       48700.00      34.10924    32.25068    34.10318
 .10000E+05       48900.00      34.10910    32.24384    34.10314
 .10000E+05       49100.00      34.10897    32.23696    34.10310
 .10000E+05       49300.00      34.10883    32.23005    34.10305
 .10000E+05       49500.00      34.10870    32.22309    34.10301
 .10000E+05       49700.00      34.10856    32.21610    34.10296
 .10000E+05       49900.00      34.10843    32.20907    34.10292
 .10000E+05       50100.00      34.10831    32.20352    34.10287
 .10000E+05       50300.00      34.10822    32.19949    34.10283
 .10000E+05       50500.00      34.10813    32.19546    34.10278
 .10000E+05       50700.00      34.10804    32.19148    34.10274
 .10000E+05       50900.00      34.10794    32.18745    34.10270
 .10000E+05       51100.00      34.10784    32.18243    34.10265
 .10000E+05       51300.00      34.10769    32.17333    34.10261
 .10000E+05       51500.00      34.10766    32.17507    34.10256
 .10000E+05       51700.00      34.10758    32.17203    34.10252
 .10000E+05       51900.00      34.10750    32.16826    34.10247
 .10000E+05       52100.00      34.10741    32.16447    34.10243
 .10000E+05       52300.00      34.10732    32.16072    34.10238
 .10000E+05       52500.00      34.10724    32.15702    34.10234
 .10000E+05       52700.00      34.10715    32.15333    34.10229
 .10000E+05       52900.00      34.10707    32.14964    34.10225
 .10000E+05       53100.00      34.10698    32.14600    34.10220
 .10000E+05       53300.00      34.10690    32.14237    34.10216
 .10000E+05       53500.00      34.10682    32.13878    34.10212
 .10000E+05       53700.00      34.10674    32.13520    34.10207
 .10000E+05       53900.00      34.10665    32.13165    34.10203
 .10000E+05       54100.00      34.10657    32.12813    34.10198
 .10000E+05       54300.00      34.10649    32.12460    34.10194
 .10000E+05       54500.00      34.10641    32.12115    34.10189
 .10000E+05       54700.00      34.10633    32.11767    34.10185
 .10000E+05       54900.00      34.10625    32.11424    34.10180
 .10000E+05       55100.00      34.10617    32.11083    34.10176
 .10000E+05       55300.00      34.10609    32.10744    34.10172
 .10000E+05       55500.00      34.10601    32.10405    34.10167
 .10000E+05       55700.00      34.10594    32.10071    34.10162
 .10000E+05       55900.00      34.10586    32.09736    34.10158
 .10000E+05       56100.00      34.10578    32.09406    34.10154
 .10000E+05       56300.00      34.10571    32.09076    34.10149
 .10000E+05       56500.00      34.10563    32.08750    34.10144
 .10000E+05       56700.00      34.10556    32.08424    34.10140
 .10000E+05       56900.00      34.10548    32.08099    34.10136
 .10000E+05       57100.00      34.10541    32.07778    34.10131
 .10000E+05       57300.00      34.10533    32.07459    34.10126
 .10000E+05       57500.00      34.10526    32.07140    34.10122
 .10000E+05       57700.00      34.10519    32.06824    34.10118
 .10000E+05       57900.00      34.10511    32.06508    34.10113
 .10000E+05       58100.00      34.10504    32.06196    34.10109
 .10000E+05       58300.00      34.10497    32.05884    34.10104
 .10000E+05       58500.00      34.10490    32.05587    34.10100
 .10000E+05       58700.00      34.10482    32.05267    34.10095
 .10000E+05       58900.00      34.10474    32.04861    34.10091
 .10000E+05       59100.00      34.10463    32.04103    34.10086
 .10000E+05       59300.00      34.10460    32.04292    34.10082
 .10000E+05       59500.00      34.10454    32.04052    34.10078
 .10000E+05       59700.00      34.10447    32.03761    34.10073
 .10000E+05       59900.00      34.10440    32.03461    34.10069
 .10000E+05       60100.00      34.10433    32.03163    34.10064
 .10000E+05       60300.00      34.10426    32.02867    34.10059
 .10000E+05       60500.00      34.10419    32.02573    34.10055
 .10000E+05       60700.00      34.10412    32.02278    34.10051
 .10000E+05       60900.00      34.10405    32.01986    34.10046
 .10000E+05       61100.00      34.10398    32.01694    34.10042
 .10000E+05       61300.00      34.10392    32.01405    34.10037
 .10000E+05       61500.00      34.10385    32.01117    34.10033
 .10000E+05       61700.00      34.10378    32.00830    34.10028
 .10000E+05       61900.00      34.10371    32.00544    34.10023
 .10000E+05       62100.00      34.10365    32.00260    34.10019
 .10000E+05       62300.00      34.10358    31.99974    34.10015
 .10000E+05       62500.00      34.10352    31.99693    34.10010
 .10000E+05       62700.00      34.10345    31.99411    34.10006
 .10000E+05       62900.00      34.10338    31.99131    34.10001
 .10000E+05       63100.00      34.10332    31.98852    34.09997
 .10000E+05       63300.00      34.10325    31.98575    34.09992
 .10000E+05       63500.00      34.10318    31.98297    34.09988
 .10000E+05       63700.00      34.10312    31.98021    34.09983
 .10000E+05       63900.00      34.10305    31.97746    34.09979
 .10000E+05       64200.00      34.10295    31.97335    34.09972
 .10000E+05       64600.00      34.10283    31.96790    34.09963
 .10000E+05       65000.00      34.10270    31.96249    34.09954
 .10000E+05       65400.00      34.10257    31.95712    34.09945
 .10000E+05       65800.00      34.10244    31.95177    34.09936
 .10000E+05       66200.00      34.10232    31.94645    34.09927
 .10000E+05       66600.00      34.10219    31.94117    34.09918
 .10000E+05       67000.00      34.10207    31.93591    34.09909
 .10000E+05       67400.00      34.10194    31.93068    34.09900
 .10000E+05       67800.00      34.10181    31.92548    34.09892
 .10000E+05       68200.00      34.10169    31.92029    34.09882
 .10000E+05       68600.00      34.10157    31.91514    34.09873
 .10000E+05       69000.00      34.10145    31.91000    34.09864
 .10000E+05       69400.00      34.10133    31.90487    34.09855
 .10000E+05       69800.00      34.10120    31.89978    34.09846
 .10000E+05       70200.00      34.10108    31.89469    34.09837
 .10000E+05       70600.00      34.10096    31.88963    34.09828
 .10000E+05       71000.00      34.10084    31.88457    34.09819
 .10000E+05       71400.00      34.10072    31.87953    34.09810
 .10000E+05       71800.00      34.10060    31.87450    34.09801
 .10000E+05       72200.00      34.10048    31.86948    34.09792
 .10000E+05       72600.00      34.10036    31.86447    34.09783
 .10000E+05       73000.00      34.10024    31.85947    34.09774
 .10000E+05       73400.00      34.10013    31.85447    34.09765
 .10000E+05       73800.00      34.10001    31.84949    34.09756
 .10000E+05       74200.00      34.09989    31.84430    34.09747
 .10000E+05       74600.00      34.09976    31.83702    34.09738
 .10000E+05       75000.00      34.09964    31.83204    34.09729
 .10000E+05       75400.00      34.09954    31.82937    34.09720
 .10000E+05       75800.00      34.09942    31.82458    34.09711
 .10000E+05       76200.00      34.09931    31.81958    34.09702
 .10000E+05       76600.00      34.09919    31.81461    34.09693
 .10000E+05       77000.00      34.09908    31.80962    34.09684
 .10000E+05       77400.00      34.09896    31.80462    34.09675
 .10000E+05       77800.00      34.09885    31.79963    34.09666
 .10000E+05       78200.00      34.09873    31.79462    34.09657
 .10000E+05       78600.00      34.09862    31.78960    34.09648
 .10000E+05       79000.00      34.09850    31.78458    34.09639
 .10000E+05       79400.00      34.09839    31.77955    34.09630
 .10000E+05       79800.00      34.09827    31.77450    34.09621
 .10000E+05       80200.00      34.09816    31.76944    34.09612
 .10000E+05       80600.00      34.09805    31.76437    34.09603
 .10000E+05       81000.00      34.09793    31.75927    34.09594
 .10000E+05       81400.00      34.09782    31.75417    34.09584
 .10000E+05       81800.00      34.09771    31.74905    34.09576
 .10000E+05       82200.00      34.09759    31.74391    34.09566
 .10000E+05       82600.00      34.09748    31.73874    34.09557
 .10000E+05       83000.00      34.09737    31.73356    34.09548
 .10000E+05       83400.00      34.09725    31.72835    34.09539
 .10000E+05       83800.00      34.09714    31.72312    34.09530
 .10000E+05       84200.00      34.09703    31.71787    34.09521
 .10000E+05       84600.00      34.09692    31.71259    34.09512
 .10000E+05       85000.00      34.09681    31.70730    34.09503
 .10000E+05       85400.00      34.09669    31.70196    34.09494
 .10000E+05       85800.00      34.09658    31.69659    34.09485
 .10000E+05       86200.00      34.09647    31.69120    34.09476
 .10000E+05       86600.00      34.09636    31.68577    34.09467
 .10000E+05       87000.00      34.09624    31.68031    34.09457
 .10000E+05       87400.00      34.09613    31.67481    34.09449
 .10000E+05       87800.00      34.09602    31.66928    34.09439
 .10000E+05       88200.00      34.09591    31.66371    34.09430
 .10000E+05       88600.00      34.09580    31.65810    34.09421
 .10000E+05       89000.00      34.09569    31.65245    34.09412
 .10000E+05       89400.00      34.09558    31.64675    34.09403
 .10000E+05       89800.00      34.09547    31.64101    34.09394
 .10000E+05       90200.00      34.09536    31.63523    34.09385
 .10000E+05       90600.00      34.09525    31.62940    34.09376
 .10000E+05       91000.00      34.09513    31.62352    34.09367
 .10000E+05       91400.00      34.09502    31.61760    34.09357
 .10000E+05       91800.00      34.09491    31.61161    34.09348
 .10000E+05       92200.00      34.09480    31.60558    34.09340
 .10000E+05       92600.00      34.09469    31.59948    34.09330
 .10000E+05       93000.00      34.09458    31.59333    34.09321
 .10000E+05       93400.00      34.09447    31.58712    34.09312
 .10000E+05       93800.00      34.09436    31.58084    34.09303
 .10000E+05       94200.00      34.09425    31.57451    34.09294
 .10000E+05       94600.00      34.09414    31.56810    34.09285
 .10000E+05       95000.00      34.09403    31.56163    34.09276
 .10000E+05       95400.00      34.09392    31.55509    34.09267
 .10000E+05       95800.00      34.09381    31.54847    34.09258
 .10000E+05       96200.00      34.09370    31.54178    34.09248
 .10000E+05       96600.00      34.09359    31.53501    34.09239
 .10000E+05       97000.00      34.09348    31.52816    34.09230
 .10000E+05       97400.00      34.09337    31.52122    34.09221
 .10000E+05       97800.00      34.09326    31.51419    34.09212
 .10000E+05       98200.00      34.09315    31.50708    34.09203
 .10000E+05       98600.00      34.09304    31.49987    34.09193
 .10000E+05       99000.00      34.09293    31.49256    34.09184
 .10000E+05       99400.00      34.09283    31.48516    34.09175
 .10000E+05       99800.00      34.09272    31.47765    34.09166
 .10000E+05      100200.00      34.09261    31.47003    34.09157
 .10000E+05      200000.00      34.06819    30.15442    34.06813
 .10000E+05      400000.00      34.01699    29.04221    34.01698
 .10000E+05      600000.00      33.95899    27.98113    33.95899
 .10000E+05      800000.00      33.89204    27.65772    33.89204
 .10000E+05     1000000.00      33.81286    27.15631    33.81286
 .10000E+05     1200000.00      33.71595    27.06533    33.71595
 .10000E+05     1400000.00      33.59101    27.01580    33.59101
 .10000E+05     1600000.00      33.41492    26.98574    33.41492
