 MODEL DESIGNATION: First_Attempt       
 MODEL GENERATED: Wed Dec 19 17:00:55 2012

        COMPUTED SYNTHETIC LINE SPECTRUM [ERG/SEC/A]

 TIME [YR]      WAVELENGTH  LOG(LUMINOSITY)  NORMALIZED SPECTRUM
 .10000E+05       1003.10       38.12735         0.8314
 .10000E+05       1003.23       38.13448         0.8454
 .10000E+05       1003.35       38.16750         0.9123
 .10000E+05       1003.48       38.16833         0.9143
 .10000E+05       1003.61       38.15615         0.8892
 .10000E+05       1003.73       38.14905         0.8749
 .10000E+05       1003.86       38.17272         0.9241
 .10000E+05       1003.99       38.20514         0.9959
 .10000E+05       1004.12       38.20619         0.9985
 .10000E+05       1004.24       38.18504         0.9512
 .10000E+05       1004.37       38.14872         0.8750
 .10000E+05       1004.50       38.14284         0.8634
 .10000E+05       1004.62       38.14336         0.8646
 .10000E+05       1004.75       38.15393         0.8861
 .10000E+05       1004.88       38.15744         0.8934
 .10000E+05       1005.01       38.14073         0.8598
 .10000E+05       1005.13       38.14320         0.8649
 .10000E+05       1005.26       38.16268         0.9047
 .10000E+05       1005.39       38.17323         0.9271
 .10000E+05       1005.51       38.16822         0.9166
 .10000E+05       1005.64       38.16027         0.9001
 .10000E+05       1005.77       38.17607         0.9336
 .10000E+05       1005.89       38.15546         0.8905
 .10000E+05       1006.02       38.11245         0.8066
 .10000E+05       1006.15       38.10387         0.7909
 .10000E+05       1006.27       38.10742         0.7976
 .10000E+05       1006.40       38.10617         0.7954
 .10000E+05       1006.53       38.12643         0.8335
 .10000E+05       1006.66       38.15789         0.8962
 .10000E+05       1006.78       38.18656         0.9575
 .10000E+05       1006.91       38.18343         0.9508
 .10000E+05       1007.04       38.17830         0.9397
 .10000E+05       1007.16       38.18227         0.9485
 .10000E+05       1007.29       38.18403         0.9524
 .10000E+05       1007.42       38.18610         0.9571
 .10000E+05       1007.54       38.14104         0.8629
 .10000E+05       1007.67       38.07724         0.7451
 .10000E+05       1007.80       38.07318         0.7382
 .10000E+05       1007.93       38.08724         0.7626
 .10000E+05       1008.05       38.08888         0.7656
 .10000E+05       1008.18       38.05726         0.7119
 .10000E+05       1008.31       38.03826         0.6815
 .10000E+05       1008.43       38.07764         0.7463
 .10000E+05       1008.56       38.12693         0.8361
 .10000E+05       1008.69       38.12070         0.8242
 .10000E+05       1008.82       38.12896         0.8401
 .10000E+05       1008.94       38.11842         0.8201
 .10000E+05       1009.07       38.10271         0.7910
 .10000E+05       1009.20       38.10470         0.7947
 .10000E+05       1009.32       38.07471         0.7418
 .10000E+05       1009.45       38.07757         0.7467
 .10000E+05       1009.58       38.10809         0.8012
 .10000E+05       1009.70       38.11962         0.8228
 .10000E+05       1009.83       38.11464         0.8135
 .10000E+05       1009.96       38.11023         0.8053
 .10000E+05       1010.08       38.09921         0.7852
 .10000E+05       1010.21       38.10477         0.7954
 .10000E+05       1010.34       38.11352         0.8117
 .10000E+05       1010.47       38.11039         0.8059
 .10000E+05       1010.59       38.11594         0.8163
 .10000E+05       1010.72       38.14501         0.8729
 .10000E+05       1010.85       38.15126         0.8856
 .10000E+05       1010.97       38.13857         0.8602
 .10000E+05       1011.10       38.15086         0.8849
 .10000E+05       1011.23       38.17307         0.9314
 .10000E+05       1011.35       38.14620         0.8756
 .10000E+05       1011.48       38.13243         0.8483
 .10000E+05       1011.61       38.11893         0.8224
 .10000E+05       1011.74       38.07729         0.7473
 .10000E+05       1011.86       38.01617         0.6492
 .10000E+05       1011.99       37.99723         0.6215
 .10000E+05       1012.12       38.04971         0.7014
 .10000E+05       1012.24       38.05740         0.7140
 .10000E+05       1012.37       38.01728         0.6510
 .10000E+05       1012.50       37.94878         0.5561
 .10000E+05       1012.62       37.92483         0.5262
 .10000E+05       1012.75       38.00636         0.6349
 .10000E+05       1012.88       38.10926         0.8048
 .10000E+05       1013.01       38.12115         0.8271
 .10000E+05       1013.13       38.11643         0.8182
 .10000E+05       1013.26       38.13094         0.8461
 .10000E+05       1013.39       38.14569         0.8753
 .10000E+05       1013.51       38.08508         0.7613
 .10000E+05       1013.64       38.10733         0.8014
 .10000E+05       1013.77       38.15000         0.8842
 .10000E+05       1013.89       38.11991         0.8250
 .10000E+05       1014.02       38.09464         0.7784
 .10000E+05       1014.15       38.05919         0.7174
 .10000E+05       1014.28       38.10230         0.7923
 .10000E+05       1014.40       38.15195         0.8883
 .10000E+05       1014.53       38.14124         0.8667
 .10000E+05       1014.66       38.15932         0.9035
 .10000E+05       1014.78       38.15701         0.8987
 .10000E+05       1014.91       38.19173         0.9736
 .10000E+05       1015.04       38.19715         0.9858
 .10000E+05       1015.16       38.17636         0.9398
 .10000E+05       1015.29       38.17103         0.9283
 .10000E+05       1015.42       38.15625         0.8973
 .10000E+05       1015.55       38.14017         0.8647
 .10000E+05       1015.67       38.11858         0.8228
 .10000E+05       1015.80       38.13796         0.8603
 .10000E+05       1015.93       38.16560         0.9169
 .10000E+05       1016.05       38.15944         0.9040
 .10000E+05       1016.18       38.15770         0.9004
 .10000E+05       1016.31       38.15356         0.8918
 .10000E+05       1016.43       38.13802         0.8605
 .10000E+05       1016.56       38.12169         0.8288
 .10000E+05       1016.69       38.14479         0.8740
 .10000E+05       1016.82       38.13850         0.8615
 .10000E+05       1016.94       38.13140         0.8475
 .10000E+05       1017.07       38.10974         0.8063
 .10000E+05       1017.20       38.11135         0.8093
 .10000E+05       1017.32       38.13606         0.8566
 .10000E+05       1017.45       38.15334         0.8914
 .10000E+05       1017.58       38.15202         0.8887
 .10000E+05       1017.70       38.14159         0.8676
 .10000E+05       1017.83       38.16684         0.9196
 .10000E+05       1017.96       38.18876         0.9672
 .10000E+05       1018.09       38.16642         0.9187
 .10000E+05       1018.21       38.16463         0.9149
 .10000E+05       1018.34       38.18414         0.9569
 .10000E+05       1018.47       38.18167         0.9515
 .10000E+05       1018.59       38.18356         0.9556
 .10000E+05       1018.72       38.13390         0.8524
 .10000E+05       1018.85       38.12836         0.8415
 .10000E+05       1018.97       38.12064         0.8267
 .10000E+05       1019.10       38.10447         0.7965
 .10000E+05       1019.23       38.10241         0.7927
 .10000E+05       1019.36       38.14707         0.8785
 .10000E+05       1019.48       38.17303         0.9326
 .10000E+05       1019.61       38.15535         0.8954
 .10000E+05       1019.74       38.10036         0.7889
 .10000E+05       1019.86       38.05753         0.7148
 .10000E+05       1019.99       38.08160         0.7555
 .10000E+05       1020.12       38.08060         0.7538
 .10000E+05       1020.24       38.07547         0.7449
 .10000E+05       1020.37       38.04159         0.6890
 .10000E+05       1020.50       37.98924         0.6107
 .10000E+05       1020.63       37.95473         0.5641
 .10000E+05       1020.75       37.93060         0.5336
 .10000E+05       1020.88       37.91374         0.5132
 .10000E+05       1021.01       37.95768         0.5679
 .10000E+05       1021.13       38.04928         0.7012
 .10000E+05       1021.26       38.03438         0.6775
 .10000E+05       1021.39       38.02125         0.6573
 .10000E+05       1021.51       38.02303         0.6600
 .10000E+05       1021.64       37.99312         0.6161
 .10000E+05       1021.77       38.00525         0.6335
 .10000E+05       1021.90       38.00378         0.6313
 .10000E+05       1022.02       38.01211         0.6435
 .10000E+05       1022.15       37.99253         0.6152
 .10000E+05       1022.28       37.98945         0.6108
 .10000E+05       1022.40       37.95502         0.5642
 .10000E+05       1022.53       37.93434         0.5380
 .10000E+05       1022.66       37.92127         0.5220
 .10000E+05       1022.78       37.92038         0.5209
 .10000E+05       1022.91       37.92725         0.5292
 .10000E+05       1023.04       37.92219         0.5230
 .10000E+05       1023.17       37.89751         0.4941
 .10000E+05       1023.29       37.91378         0.5130
 .10000E+05       1023.42       37.86739         0.4610
 .10000E+05       1023.55       37.80032         0.3950
 .10000E+05       1023.67       37.80426         0.3986
 .10000E+05       1023.80       37.76640         0.3653
 .10000E+05       1023.93       37.79036         0.3860
 .10000E+05       1024.05       37.74041         0.3441
 .10000E+05       1024.18       37.66542         0.2895
 .10000E+05       1024.31       37.65755         0.2843
 .10000E+05       1024.44       37.69741         0.3116
 .10000E+05       1024.56       37.77778         0.3749
 .10000E+05       1024.69       37.90367         0.5010
 .10000E+05       1024.82       37.91521         0.5144
 .10000E+05       1024.94       37.88176         0.4763
 .10000E+05       1025.07       37.86118         0.4542
 .10000E+05       1025.20       37.78410         0.3803
 .10000E+05       1025.32       37.77145         0.3694
 .10000E+05       1025.45       37.74728         0.3494
 .10000E+05       1025.58       37.63026         0.2668
 .10000E+05       1025.71       37.49382         0.1949
 .10000E+05       1025.83       37.48153         0.1894
 .10000E+05       1025.96       37.48384         0.1904
 .10000E+05       1026.09       37.49622         0.1959
 .10000E+05       1026.21       37.54320         0.2183
 .10000E+05       1026.34       37.66201         0.2870
 .10000E+05       1026.47       37.85529         0.4479
 .10000E+05       1026.59       37.90453         0.5016
 .10000E+05       1026.72       37.93061         0.5326
 .10000E+05       1026.85       37.86755         0.4606
 .10000E+05       1026.98       37.88373         0.4781
 .10000E+05       1027.10       37.87737         0.4711
 .10000E+05       1027.23       37.82870         0.4211
 .10000E+05       1027.36       37.81925         0.4121
 .10000E+05       1027.48       37.80927         0.4027
 .10000E+05       1027.61       37.84244         0.4346
 .10000E+05       1027.74       37.81884         0.4116
 .10000E+05       1027.86       37.80053         0.3946
 .10000E+05       1027.99       37.82660         0.4190
 .10000E+05       1028.12       37.84595         0.4381
 .10000E+05       1028.25       37.83662         0.4287
 .10000E+05       1028.37       37.84896         0.4411
 .10000E+05       1028.50       37.86542         0.4581
 .10000E+05       1028.63       37.88927         0.4839
 .10000E+05       1028.75       37.89818         0.4939
 .10000E+05       1028.88       37.89287         0.4879
 .10000E+05       1029.01       37.93188         0.5337
 .10000E+05       1029.14       37.94885         0.5550
 .10000E+05       1029.26       37.93280         0.5348
 .10000E+05       1029.39       37.95660         0.5649
 .10000E+05       1029.52       37.92455         0.5247
 .10000E+05       1029.64       37.93714         0.5401
 .10000E+05       1029.77       37.92662         0.5271
 .10000E+05       1029.90       37.94443         0.5492
 .10000E+05       1030.02       37.98271         0.5997
 .10000E+05       1030.15       37.96163         0.5713
 .10000E+05       1030.28       37.95345         0.5606
 .10000E+05       1030.41       37.94512         0.5499
 .10000E+05       1030.53       37.97256         0.5858
 .10000E+05       1030.66       37.99630         0.6187
 .10000E+05       1030.79       37.96074         0.5700
 .10000E+05       1030.91       37.99288         0.6138
 .10000E+05       1031.04       38.01317         0.6431
 .10000E+05       1031.17       37.96306         0.5730
 .10000E+05       1031.29       37.94833         0.5538
 .10000E+05       1031.42       37.93909         0.5422
 .10000E+05       1031.55       37.92325         0.5227
 .10000E+05       1031.67       37.87946         0.4726
 .10000E+05       1031.80       37.82949         0.4212
 .10000E+05       1031.93       37.86391         0.4559
 .10000E+05       1032.06       37.91700         0.5151
 .10000E+05       1032.18       37.94930         0.5549
 .10000E+05       1032.31       38.04575         0.6929
 .10000E+05       1032.44       38.08796         0.7635
 .10000E+05       1032.56       38.09228         0.7711
 .10000E+05       1032.69       38.09618         0.7781
 .10000E+05       1032.82       38.11371         0.8101
 .10000E+05       1032.94       38.11659         0.8154
 .10000E+05       1033.07       38.12426         0.8299
 .10000E+05       1033.20       38.09924         0.7834
 .10000E+05       1033.33       38.07928         0.7482
 .10000E+05       1033.45       38.09454         0.7749
 .10000E+05       1033.58       38.10801         0.7993
 .10000E+05       1033.71       38.13960         0.8596
 .10000E+05       1033.83       38.13226         0.8451
 .10000E+05       1033.96       38.13719         0.8548
 .10000E+05       1034.09       38.17072         0.9233
 .10000E+05       1034.21       38.13753         0.8554
 .10000E+05       1034.34       38.11684         0.8155
 .10000E+05       1034.47       38.11285         0.8080
 .10000E+05       1034.60       38.11805         0.8178
 .10000E+05       1034.72       38.12945         0.8395
 .10000E+05       1034.85       38.15653         0.8935
 .10000E+05       1034.98       38.13052         0.8415
 .10000E+05       1035.10       38.10798         0.7989
 .10000E+05       1035.23       38.09395         0.7735
 .10000E+05       1035.36       37.98687         0.6044
 .10000E+05       1035.48       37.89733         0.4918
 .10000E+05       1035.61       37.86530         0.4568
 .10000E+05       1035.74       37.86065         0.4520
 .10000E+05       1035.87       37.82669         0.4179
 .10000E+05       1035.99       37.72688         0.3321
 .10000E+05       1036.12       37.64749         0.2766
 .10000E+05       1036.25       37.56506         0.2288
 .10000E+05       1036.37       37.61130         0.2545
 .10000E+05       1036.50       37.74959         0.3499
 .10000E+05       1036.63       37.80731         0.3996
 .10000E+05       1036.76       37.95578         0.5625
 .10000E+05       1036.88       37.95998         0.5680
 .10000E+05       1037.01       37.90926         0.5053
 .10000E+05       1037.14       37.95707         0.5641
 .10000E+05       1037.26       37.95490         0.5613
 .10000E+05       1037.39       37.98608         0.6031
 .10000E+05       1037.52       38.07958         0.7479
 .10000E+05       1037.64       38.09010         0.7663
 .10000E+05       1037.77       38.05971         0.7145
 .10000E+05       1037.90       38.10524         0.7934
 .10000E+05       1038.03       38.18494         0.9532
 .10000E+05       1038.15       38.21159         1.0135
 .10000E+05       1038.28       38.13789         0.8553
 .10000E+05       1038.41       38.08712         0.7609
 .10000E+05       1038.53       38.16121         0.9025
 .10000E+05       1038.66       38.20424         0.9965
 .10000E+05       1038.79       38.17851         0.9391
 .10000E+05       1038.91       38.13761         0.8547
 .10000E+05       1039.04       38.10806         0.7985
 .10000E+05       1039.17       38.01059         0.6380
 .10000E+05       1039.29       37.93747         0.5391
 .10000E+05       1039.42       37.98122         0.5962
 .10000E+05       1039.55       38.13434         0.8483
 .10000E+05       1039.68       38.23660         1.0735
 .10000E+05       1039.80       38.24934         1.1054
 .10000E+05       1039.93       38.22062         1.0347
 .10000E+05       1040.06       38.21574         1.0231
 .10000E+05       1040.18       38.21120         1.0125
 .10000E+05       1040.31       38.19480         0.9750
 .10000E+05       1040.44       38.20383         0.9955
 .10000E+05       1040.56       38.21869         1.0301
 .10000E+05       1040.69       38.22455         1.0441
 .10000E+05       1040.82       38.23104         1.0598
 .10000E+05       1040.95       38.22823         1.0530
 .10000E+05       1041.07       38.23392         1.0669
 .10000E+05       1041.20       38.23989         1.0817
 .10000E+05       1041.33       38.23283         1.0642
 .10000E+05       1041.45       38.23695         1.0744
 .10000E+05       1041.58       38.23029         1.0580
 .10000E+05       1041.71       38.22661         1.0491
 .10000E+05       1041.83       38.23327         1.0654
 .10000E+05       1041.96       38.24239         1.0880
 .10000E+05       1042.09       38.23794         1.0769
 .10000E+05       1042.22       38.23613         1.0724
 .10000E+05       1042.34       38.23678         1.0741
 .10000E+05       1042.47       38.21789         1.0284
 .10000E+05       1042.60       38.19540         0.9765
 .10000E+05       1042.72       38.20336         0.9946
 .10000E+05       1042.85       38.21233         1.0154
 .10000E+05       1042.98       38.20587         1.0004
 .10000E+05       1043.10       38.21119         1.0128
 .10000E+05       1043.23       38.19355         0.9725
 .10000E+05       1043.36       38.18814         0.9605
 .10000E+05       1043.49       38.20200         0.9916
 .10000E+05       1043.61       38.20159         0.9907
 .10000E+05       1043.74       38.19029         0.9653
 .10000E+05       1043.87       38.20199         0.9917
 .10000E+05       1043.99       38.21451         1.0208
 .10000E+05       1044.12       38.19759         0.9818
 .10000E+05       1044.25       38.20280         0.9937
 .10000E+05       1044.38       38.20379         0.9960
 .10000E+05       1044.50       38.20551         1.0000
 .10000E+05       1044.63       38.20198         0.9920
 .10000E+05       1044.76       38.20145         0.9908
 .10000E+05       1044.88       38.20068         0.9891
 .10000E+05       1045.01       38.20440         0.9976
 .10000E+05       1045.14       38.19041         0.9661
 .10000E+05       1045.26       38.17978         0.9428
 .10000E+05       1045.39       38.19402         0.9742
 .10000E+05       1045.52       38.19491         0.9763
 .10000E+05       1045.65       38.17397         0.9304
 .10000E+05       1045.77       38.17479         0.9322
 .10000E+05       1045.90       38.17101         0.9242
 .10000E+05       1046.03       38.17523         0.9332
 .10000E+05       1046.15       38.17307         0.9287
 .10000E+05       1046.28       38.18237         0.9488
 .10000E+05       1046.41       38.18014         0.9440
 .10000E+05       1046.53       38.17303         0.9288
 .10000E+05       1046.66       38.18069         0.9454
 .10000E+05       1046.79       38.17297         0.9288
 .10000E+05       1046.92       38.16372         0.9093
 .10000E+05       1047.04       38.16985         0.9223
 .10000E+05       1047.17       38.15475         0.8908
 .10000E+05       1047.30       38.11433         0.8117
 .10000E+05       1047.42       38.11829         0.8192
 .10000E+05       1047.55       38.15275         0.8869
 .10000E+05       1047.68       38.13559         0.8526
 .10000E+05       1047.80       38.12368         0.8297
 .10000E+05       1047.93       38.12099         0.8246
 .10000E+05       1048.06       38.10999         0.8041
 .10000E+05       1048.18       38.07262         0.7378
 .10000E+05       1048.31       38.04545         0.6931
 .10000E+05       1048.44       38.03403         0.6752
 .10000E+05       1048.57       38.05360         0.7064
 .10000E+05       1048.69       38.11266         0.8094
 .10000E+05       1048.82       38.12878         0.8401
 .10000E+05       1048.95       38.10578         0.7968
 .10000E+05       1049.07       38.05636         0.7112
 .10000E+05       1049.20       38.06805         0.7307
 .10000E+05       1049.33       38.10172         0.7897
 .10000E+05       1049.45       38.13816         0.8589
 .10000E+05       1049.58       38.15436         0.8916
 .10000E+05       1049.71       38.14754         0.8778
 .10000E+05       1049.84       38.11332         0.8114
 .10000E+05       1049.96       38.08441         0.7593
 .10000E+05       1050.09       38.08403         0.7587
 .10000E+05       1050.22       38.10201         0.7909
 .10000E+05       1050.34       38.13317         0.8498
 .10000E+05       1050.47       38.12148         0.8273
 .10000E+05       1050.60       38.10222         0.7915
 .10000E+05       1050.72       38.11403         0.8135
 .10000E+05       1050.85       38.12669         0.8376
 .10000E+05       1050.98       38.13244         0.8489
 .10000E+05       1051.11       38.14427         0.8725
 .10000E+05       1051.23       38.13988         0.8638
 .10000E+05       1051.36       38.13631         0.8569
 .10000E+05       1051.49       38.16129         0.9077
 .10000E+05       1051.61       38.17297         0.9326
 .10000E+05       1051.74       38.16446         0.9147
 .10000E+05       1051.87       38.16212         0.9099
 .10000E+05       1051.99       38.15736         0.9001
 .10000E+05       1052.12       38.14833         0.8817
 .10000E+05       1052.25       38.15039         0.8861
 .10000E+05       1052.38       38.13491         0.8552
 .10000E+05       1052.50       38.12917         0.8441
 .10000E+05       1052.63       38.14859         0.8828
 .10000E+05       1052.76       38.14799         0.8817
 .10000E+05       1052.88       38.15640         0.8991
 .10000E+05       1053.01       38.15505         0.8965
 .10000E+05       1053.14       38.13662         0.8594
 .10000E+05       1053.27       38.15869         0.9044
 .10000E+05       1053.39       38.18373         0.9582
 .10000E+05       1053.52       38.16487         0.9176
 .10000E+05       1053.65       38.15076         0.8885
 .10000E+05       1053.77       38.15919         0.9061
 .10000E+05       1053.90       38.16109         0.9102
 .10000E+05       1054.03       38.17499         0.9400
 .10000E+05       1054.15       38.15836         0.9048
 .10000E+05       1054.28       38.14153         0.8706
 .10000E+05       1054.41       38.12557         0.8394
 .10000E+05       1054.54       38.16034         0.9095
 .10000E+05       1054.66       38.16750         0.9248
 .10000E+05       1054.79       38.16597         0.9218
 .10000E+05       1054.92       38.15175         0.8922
 .10000E+05       1055.04       38.15309         0.8952
 .10000E+05       1055.17       38.16293         0.9159
 .10000E+05       1055.30       38.14371         0.8764
 .10000E+05       1055.42       38.11512         0.8208
 .10000E+05       1055.55       38.13731         0.8640
 .10000E+05       1055.68       38.14063         0.8708
 .10000E+05       1055.80       38.14259         0.8750
 .10000E+05       1055.93       38.14706         0.8842
 .10000E+05       1056.06       38.15683         0.9045
 .10000E+05       1056.19       38.15504         0.9010
 .10000E+05       1056.31       38.17553         0.9448
 .10000E+05       1056.44       38.17284         0.9392
 .10000E+05       1056.57       38.16722         0.9274
 .10000E+05       1056.69       38.17707         0.9489
 .10000E+05       1056.82       38.18277         0.9616
 .10000E+05       1056.95       38.17802         0.9514
 .10000E+05       1057.07       38.17458         0.9442
 .10000E+05       1057.20       38.16557         0.9250
 .10000E+05       1057.33       38.16514         0.9244
 .10000E+05       1057.46       38.15857         0.9107
 .10000E+05       1057.58       38.15631         0.9063
 .10000E+05       1057.71       38.18331         0.9646
 .10000E+05       1057.84       38.15717         0.9086
 .10000E+05       1057.96       38.16941         0.9348
 .10000E+05       1058.09       38.19125         0.9833
 .10000E+05       1058.22       38.17499         0.9474
 .10000E+05       1058.34       38.16248         0.9208
 .10000E+05       1058.47       38.17323         0.9441
 .10000E+05       1058.60       38.18246         0.9647
 .10000E+05       1058.73       38.18509         0.9708
 .10000E+05       1058.85       38.18032         0.9605
 .10000E+05       1058.98       38.17116         0.9408
 .10000E+05       1059.11       38.18311         0.9673
 .10000E+05       1059.23       38.18808         0.9787
 .10000E+05       1059.36       38.18339         0.9685
 .10000E+05       1059.49       38.17619         0.9529
 .10000E+05       1059.61       38.15561         0.9091
 .10000E+05       1059.74       38.15343         0.9048
 .10000E+05       1059.87       38.15840         0.9155
 .10000E+05       1060.00       38.14898         0.8962
 .10000E+05       1060.12       38.15472         0.9084
 .10000E+05       1060.25       38.17938         0.9618
 .10000E+05       1060.38       38.18264         0.9693
 .10000E+05       1060.50       38.15892         0.9181
 .10000E+05       1060.63       38.15054         0.9009
 .10000E+05       1060.76       38.12558         0.8508
 .10000E+05       1060.89       38.12612         0.8522
 .10000E+05       1061.01       38.13594         0.8720
 .10000E+05       1061.14       38.14592         0.8926
 .10000E+05       1061.27       38.14704         0.8952
 .10000E+05       1061.39       38.12869         0.8584
 .10000E+05       1061.52       38.14607         0.8938
 .10000E+05       1061.65       38.15044         0.9032
 .10000E+05       1061.77       38.13326         0.8684
 .10000E+05       1061.90       38.07446         0.7587
 .10000E+05       1062.03       38.01792         0.6664
 .10000E+05       1062.16       38.05521         0.7263
 .10000E+05       1062.28       38.00586         0.6486
 .10000E+05       1062.41       38.00828         0.6524
 .10000E+05       1062.54       37.96459         0.5902
 .10000E+05       1062.66       37.90405         0.5136
 .10000E+05       1062.79       37.87953         0.4856
 .10000E+05       1062.92       37.92286         0.5367
 .10000E+05       1063.04       37.99842         0.6390
 .10000E+05       1063.17       37.95132         0.5735
 .10000E+05       1063.30       37.91424         0.5268
 .10000E+05       1063.42       38.01103         0.6585
 .10000E+05       1063.55       38.06756         0.7503
 .10000E+05       1063.68       38.05207         0.7243
 .10000E+05       1063.81       38.01743         0.6691
 .10000E+05       1063.93       38.07893         0.7711
 .10000E+05       1064.06       38.07343         0.7617
 .10000E+05       1064.19       38.06882         0.7540
 .10000E+05       1064.31       38.12485         0.8581
 .10000E+05       1064.44       38.12470         0.8582
 .10000E+05       1064.57       38.12788         0.8648
 .10000E+05       1064.69       38.11439         0.8387
 .10000E+05       1064.82       38.11891         0.8478
 .10000E+05       1064.95       38.12580         0.8617
 .10000E+05       1065.08       38.13362         0.8777
 .10000E+05       1065.20       38.14464         0.9006
 .10000E+05       1065.33       38.14614         0.9041
 .10000E+05       1065.46       38.15837         0.9303
 .10000E+05       1065.58       38.14418         0.9007
 .10000E+05       1065.71       38.11259         0.8379
 .10000E+05       1065.84       38.05444         0.7332
 .10000E+05       1065.96       38.09680         0.8086
 .10000E+05       1066.09       38.09420         0.8041
 .10000E+05       1066.22       38.07843         0.7758
 .10000E+05       1066.35       38.03812         0.7073
 .10000E+05       1066.47       38.02510         0.6867
 .10000E+05       1066.60       37.96969         0.6047
 .10000E+05       1066.73       37.94949         0.5774
 .10000E+05       1066.85       37.99638         0.6435
 .10000E+05       1066.98       38.06513         0.7542
 .10000E+05       1067.11       38.12348         0.8630
 .10000E+05       1067.23       38.12243         0.8613
 .10000E+05       1067.36       38.12520         0.8671
 .10000E+05       1067.49       38.13802         0.8935
 .10000E+05       1067.62       38.13728         0.8923
 .10000E+05       1067.74       38.12592         0.8697
 .10000E+05       1067.87       38.13098         0.8802
 .10000E+05       1068.00       38.10883         0.8368
 .10000E+05       1068.12       38.11855         0.8561
 .10000E+05       1068.25       38.14363         0.9074
 .10000E+05       1068.38       38.14179         0.9039
 .10000E+05       1068.51       38.16209         0.9476
 .10000E+05       1068.63       38.13818         0.8972
 .10000E+05       1068.76       38.14889         0.9200
 .10000E+05       1068.89       38.17279         0.9724
 .10000E+05       1069.01       38.16083         0.9464
 .10000E+05       1069.14       38.14641         0.9159
 .10000E+05       1069.27       38.12872         0.8797
 .10000E+05       1069.39       38.15089         0.9261
 .10000E+05       1069.52       38.14449         0.9130
 .10000E+05       1069.65       38.12968         0.8827
 .10000E+05       1069.78       38.14433         0.9134
 .10000E+05       1069.90       38.12430         0.8726
 .10000E+05       1070.03       38.10072         0.8269
 .10000E+05       1070.16       38.12560         0.8760
 .10000E+05       1070.28       38.12744         0.8801
 .10000E+05       1070.41       38.12791         0.8814
 .10000E+05       1070.54       38.14664         0.9206
 .10000E+05       1070.66       38.13847         0.9038
 .10000E+05       1070.79       38.12849         0.8837
 .10000E+05       1070.92       38.13341         0.8941
 .10000E+05       1071.04       38.12751         0.8824
 .10000E+05       1071.17       38.13843         0.9053
 .10000E+05       1071.30       38.17142         0.9772
 .10000E+05       1071.43       38.14428         0.9184
 .10000E+05       1071.55       38.16149         0.9559
 .10000E+05       1071.68       38.17538         0.9874
 .10000E+05       1071.81       38.16166         0.9570
 .10000E+05       1071.93       38.16434         0.9634
 .10000E+05       1072.06       38.15569         0.9448
 .10000E+05       1072.19       38.13787         0.9072
 .10000E+05       1072.31       38.13721         0.9062
 .10000E+05       1072.44       38.12072         0.8728
 .10000E+05       1072.57       38.10635         0.8447
 .10000E+05       1072.70       38.12625         0.8847
 .10000E+05       1072.82       38.10596         0.8447
 .10000E+05       1072.95       38.08818         0.8111
 .10000E+05       1073.08       38.07346         0.7844
 .10000E+05       1073.20       38.08468         0.8053
 .10000E+05       1073.33       38.08387         0.8041
 .10000E+05       1073.46       38.08623         0.8089
 .10000E+05       1073.58       38.08285         0.8029
 .10000E+05       1073.71       38.09210         0.8205
 .10000E+05       1073.84       38.09692         0.8300
 .10000E+05       1073.97       38.10793         0.8517
 .10000E+05       1074.09       38.11556         0.8672
 .10000E+05       1074.22       38.13887         0.9154
 .10000E+05       1074.35       38.15139         0.9425
 .10000E+05       1074.47       38.16608         0.9753
 .10000E+05       1074.60       38.15643         0.9543
 .10000E+05       1074.73       38.13144         0.9013
 .10000E+05       1074.85       38.13859         0.9166
 .10000E+05       1074.98       38.14761         0.9363
 .10000E+05       1075.11       38.13223         0.9040
 .10000E+05       1075.24       38.14853         0.9390
 .10000E+05       1075.36       38.13654         0.9138
 .10000E+05       1075.49       38.13806         0.9174
 .10000E+05       1075.62       38.12934         0.8995
 .10000E+05       1075.74       38.13195         0.9053
 .10000E+05       1075.87       38.14911         0.9421
 .10000E+05       1076.00       38.13522         0.9128
 .10000E+05       1076.12       38.14015         0.9236
 .10000E+05       1076.25       38.08672         0.8171
 .10000E+05       1076.38       38.09540         0.8339
 .10000E+05       1076.51       38.11803         0.8788
 .10000E+05       1076.63       38.09721         0.8380
 .10000E+05       1076.76       38.06469         0.7778
 .10000E+05       1076.89       38.06030         0.7703
 .10000E+05       1077.01       38.11479         0.8737
 .10000E+05       1077.14       38.12217         0.8890
 .10000E+05       1077.27       38.11373         0.8722
 .10000E+05       1077.40       38.11316         0.8714
 .10000E+05       1077.52       38.12238         0.8904
 .10000E+05       1077.65       38.11671         0.8792
 .10000E+05       1077.78       38.10035         0.8470
 .10000E+05       1077.90       38.09734         0.8415
 .10000E+05       1078.03       38.08884         0.8255
 .10000E+05       1078.16       38.08696         0.8222
 .10000E+05       1078.28       38.11239         0.8721
 .10000E+05       1078.41       38.09502         0.8383
 .10000E+05       1078.54       38.08178         0.8134
 .10000E+05       1078.67       38.07343         0.7982
 .10000E+05       1078.79       38.07625         0.8037
 .10000E+05       1078.92       38.08359         0.8177
 .10000E+05       1079.05       38.08145         0.8140
 .10000E+05       1079.17       38.09589         0.8418
 .10000E+05       1079.30       38.10602         0.8619
 .10000E+05       1079.43       38.09970         0.8498
 .10000E+05       1079.55       38.12264         0.8962
 .10000E+05       1079.68       38.12655         0.9046
 .10000E+05       1079.81       38.13982         0.9330
 .10000E+05       1079.93       38.13519         0.9234
 .10000E+05       1080.06       38.14278         0.9401
 .10000E+05       1080.19       38.14295         0.9408
 .10000E+05       1080.32       38.12641         0.9059
 .10000E+05       1080.44       38.11068         0.8740
 .10000E+05       1080.57       38.11587         0.8848
 .10000E+05       1080.70       38.11924         0.8920
 .10000E+05       1080.82       38.08846         0.8312
 .10000E+05       1080.95       38.06620         0.7900
 .10000E+05       1081.08       38.07371         0.8040
 .10000E+05       1081.20       38.08770         0.8306
 .10000E+05       1081.33       38.09480         0.8446
 .10000E+05       1081.46       38.10124         0.8575
 .10000E+05       1081.59       38.08941         0.8347
 .10000E+05       1081.71       38.06019         0.7806
 .10000E+05       1081.84       38.04281         0.7502
 .10000E+05       1081.97       38.05031         0.7635
 .10000E+05       1082.09       38.07150         0.8020
 .10000E+05       1082.22       38.10481         0.8662
 .10000E+05       1082.35       38.11568         0.8884
 .10000E+05       1082.47       38.10812         0.8733
 .10000E+05       1082.60       38.11349         0.8845
 .10000E+05       1082.73       38.10464         0.8669
 .10000E+05       1082.86       38.08019         0.8197
 .10000E+05       1082.98       38.01211         0.7009
 .10000E+05       1083.11       37.93467         0.5866
 .10000E+05       1083.24       37.89954         0.5412
 .10000E+05       1083.36       37.87585         0.5126
 .10000E+05       1083.49       37.87232         0.5086
 .10000E+05       1083.62       37.90326         0.5463
 .10000E+05       1083.74       37.86813         0.5040
 .10000E+05       1083.87       37.79118         0.4223
 .10000E+05       1084.00       37.72013         0.3587
 .10000E+05       1084.13       37.75505         0.3888
 .10000E+05       1084.25       37.85065         0.4847
 .10000E+05       1084.38       37.96078         0.6247
 .10000E+05       1084.51       38.02546         0.7252
 .10000E+05       1084.63       38.02546         0.7254
 .10000E+05       1084.76       38.01743         0.7123
 .10000E+05       1084.89       37.98875         0.6669
 .10000E+05       1085.02       38.00803         0.6974
 .10000E+05       1085.14       38.01054         0.7016
 .10000E+05       1085.27       38.00363         0.6907
 .10000E+05       1085.40       38.01842         0.7148
 .10000E+05       1085.52       38.03672         0.7457
 .10000E+05       1085.65       38.06787         0.8014
 .10000E+05       1085.78       38.07460         0.8141
 .10000E+05       1085.90       38.07928         0.8231
 .10000E+05       1086.03       38.07455         0.8143
 .10000E+05       1086.16       38.07545         0.8162
 .10000E+05       1086.29       38.08511         0.8347
 .10000E+05       1086.41       38.09820         0.8605
 .10000E+05       1086.54       38.11731         0.8994
 .10000E+05       1086.67       38.13434         0.9355
 .10000E+05       1086.79       38.14322         0.9551
 .10000E+05       1086.92       38.13806         0.9440
 .10000E+05       1087.05       38.12283         0.9116
 .10000E+05       1087.17       38.12526         0.9169
 .10000E+05       1087.30       38.14048         0.9498
 .10000E+05       1087.43       38.14016         0.9493
 .10000E+05       1087.55       38.13911         0.9472
 .10000E+05       1087.68       38.13834         0.9457
 .10000E+05       1087.81       38.14281         0.9557
 .10000E+05       1087.94       38.13658         0.9423
 .10000E+05       1088.06       38.12105         0.9093
 .10000E+05       1088.19       38.13092         0.9304
 .10000E+05       1088.32       38.13460         0.9385
 .10000E+05       1088.44       38.13493         0.9394
 .10000E+05       1088.57       38.13302         0.9354
 .10000E+05       1088.70       38.12424         0.9169
 .10000E+05       1088.82       38.12117         0.9106
 .10000E+05       1088.95       38.11924         0.9067
 .10000E+05       1089.08       38.11808         0.9044
 .10000E+05       1089.21       38.12737         0.9241
 .10000E+05       1089.33       38.12581         0.9210
 .10000E+05       1089.46       38.11595         0.9005
 .10000E+05       1089.59       38.10973         0.8878
 .10000E+05       1089.71       38.10954         0.8876
 .10000E+05       1089.84       38.12798         0.9262
 .10000E+05       1089.97       38.11420         0.8975
 .10000E+05       1090.09       38.12469         0.9195
 .10000E+05       1090.22       38.13559         0.9431
 .10000E+05       1090.35       38.14764         0.9698
 .10000E+05       1090.48       38.14151         0.9563
 .10000E+05       1090.60       38.12715         0.9254
 .10000E+05       1090.73       38.12712         0.9254
 .10000E+05       1090.86       38.12985         0.9314
 .10000E+05       1090.98       38.12982         0.9315
 .10000E+05       1091.11       38.11444         0.8992
 .10000E+05       1091.24       38.09756         0.8651
 .10000E+05       1091.36       38.08895         0.8482
 .10000E+05       1091.49       38.10199         0.8742
 .10000E+05       1091.62       38.10162         0.8736
 .10000E+05       1091.75       38.07507         0.8219
 .10000E+05       1091.87       38.07469         0.8213
 .10000E+05       1092.00       38.08466         0.8405
 .10000E+05       1092.13       38.11102         0.8932
 .10000E+05       1092.25       38.10707         0.8853
 .10000E+05       1092.38       38.11765         0.9073
 .10000E+05       1092.51       38.10033         0.8719
 .10000E+05       1092.64       38.11370         0.8993
 .10000E+05       1092.76       38.13711         0.9492
 .10000E+05       1092.89       38.13442         0.9435
 .10000E+05       1093.02       38.11650         0.9055
 .10000E+05       1093.14       38.08248         0.8374
 .10000E+05       1093.27       38.08200         0.8366
 .10000E+05       1093.40       38.08875         0.8498
 .10000E+05       1093.52       38.09530         0.8629
 .10000E+05       1093.65       38.09109         0.8547
 .10000E+05       1093.78       38.08748         0.8477
 .10000E+05       1093.91       38.10868         0.8903
 .10000E+05       1094.03       38.12592         0.9264
 .10000E+05       1094.16       38.08986         0.8527
 .10000E+05       1094.29       38.09377         0.8606
 .10000E+05       1094.41       38.12909         0.9336
 .10000E+05       1094.54       38.12086         0.9162
 .10000E+05       1094.67       38.12338         0.9217
 .10000E+05       1094.79       38.11855         0.9116
 .10000E+05       1094.92       38.12245         0.9200
 .10000E+05       1095.05       38.14067         0.9596
 .10000E+05       1095.17       38.13992         0.9580
 .10000E+05       1095.30       38.14696         0.9738
 .10000E+05       1095.43       38.15305         0.9877
 .10000E+05       1095.56       38.12936         0.9354
 .10000E+05       1095.68       38.13013         0.9372
 .10000E+05       1095.81       38.10491         0.8845
 .10000E+05       1095.94       38.04653         0.7733
 .10000E+05       1096.06       38.05989         0.7976
 .10000E+05       1096.19       38.07082         0.8181
 .10000E+05       1096.32       38.05079         0.7813
 .10000E+05       1096.44       38.05669         0.7921
 .10000E+05       1096.57       38.04747         0.7756
 .10000E+05       1096.70       38.02944         0.7442
 .10000E+05       1096.83       38.00372         0.7015
 .10000E+05       1096.95       37.98199         0.6674
 .10000E+05       1097.08       38.01801         0.7252
 .10000E+05       1097.21       38.07498         0.8270
 .10000E+05       1097.33       38.10193         0.8801
 .10000E+05       1097.46       38.12880         0.9364
 .10000E+05       1097.59       38.11681         0.9110
 .10000E+05       1097.71       38.10678         0.8904
 .10000E+05       1097.84       38.12479         0.9282
 .10000E+05       1097.97       38.12827         0.9359
 .10000E+05       1098.10       38.11377         0.9053
 .10000E+05       1098.22       38.10809         0.8936
 .10000E+05       1098.35       38.11251         0.9029
 .10000E+05       1098.48       38.11085         0.8997
 .10000E+05       1098.60       38.10662         0.8911
 .10000E+05       1098.73       38.09524         0.8682
 .10000E+05       1098.86       38.08138         0.8411
 .10000E+05       1098.98       38.07280         0.8248
 .10000E+05       1099.11       38.08066         0.8400
 .10000E+05       1099.24       38.07864         0.8362
 .10000E+05       1099.37       38.07367         0.8269
 .10000E+05       1099.49       38.07079         0.8215
 .10000E+05       1099.62       38.06732         0.8152
 .10000E+05       1099.75       38.06688         0.8145
 .10000E+05       1099.87       38.08813         0.8555
 .10000E+05       1100.00       38.10426         0.8880
 .10000E+05       1100.13       38.11214         0.9045
 .10000E+05       1100.26       38.11845         0.9179
 .10000E+05       1100.38       38.11652         0.9140
 .10000E+05       1100.51       38.12622         0.9348
 .10000E+05       1100.64       38.13710         0.9587
 .10000E+05       1100.76       38.14227         0.9704
 .10000E+05       1100.89       38.13977         0.9650
 .10000E+05       1101.02       38.14120         0.9684
 .10000E+05       1101.14       38.14207         0.9706
 .10000E+05       1101.27       38.14198         0.9706
 .10000E+05       1101.40       38.13896         0.9641
 .10000E+05       1101.53       38.12557         0.9350
 .10000E+05       1101.65       38.12346         0.9307
 .10000E+05       1101.78       38.12440         0.9329
 .10000E+05       1101.91       38.12283         0.9297
 .10000E+05       1102.03       38.13311         0.9522
 .10000E+05       1102.16       38.13075         0.9473
 .10000E+05       1102.29       38.12367         0.9322
 .10000E+05       1102.41       38.13024         0.9466
 .10000E+05       1102.54       38.13631         0.9602
 .10000E+05       1102.67       38.13969         0.9679
 .10000E+05       1102.79       38.13000         0.9468
 .10000E+05       1102.92       38.11979         0.9250
 .10000E+05       1103.05       38.13114         0.9497
 .10000E+05       1103.18       38.12737         0.9418
 .10000E+05       1103.30       38.11719         0.9202
 .10000E+05       1103.43       38.11510         0.9160
 .10000E+05       1103.56       38.12131         0.9294
 .10000E+05       1103.68       38.11963         0.9261
 .10000E+05       1103.81       38.12023         0.9276
 .10000E+05       1103.94       38.12074         0.9290
 .10000E+05       1104.06       38.12563         0.9398
 .10000E+05       1104.19       38.13255         0.9551
 .10000E+05       1104.32       38.12604         0.9412
 .10000E+05       1104.45       38.11857         0.9254
 .10000E+05       1104.57       38.10484         0.8969
 .10000E+05       1104.70       38.09129         0.8696
 .10000E+05       1104.83       38.11748         0.9239
 .10000E+05       1104.95       38.12321         0.9364
 .10000E+05       1105.08       38.11017         0.9090
 .10000E+05       1105.21       38.11274         0.9147
 .10000E+05       1105.33       38.12519         0.9416
 .10000E+05       1105.46       38.13364         0.9604
 .10000E+05       1105.59       38.13647         0.9670
 .10000E+05       1105.72       38.13074         0.9546
 .10000E+05       1105.84       38.11869         0.9288
 .10000E+05       1105.97       38.11104         0.9128
 .10000E+05       1106.10       38.10723         0.9051
 .10000E+05       1106.22       38.10500         0.9008
 .10000E+05       1106.35       38.10527         0.9016
 .10000E+05       1106.48       38.10783         0.9073
 .10000E+05       1106.60       38.11425         0.9211
 .10000E+05       1106.73       38.11784         0.9290
 .10000E+05       1106.86       38.11303         0.9191
 .10000E+05       1106.99       38.11799         0.9300
 .10000E+05       1107.11       38.10733         0.9077
 .10000E+05       1107.24       38.07032         0.8338
 .10000E+05       1107.37       38.07481         0.8428
 .10000E+05       1107.49       38.07126         0.8362
 .10000E+05       1107.62       38.04487         0.7872
 .10000E+05       1107.75       37.99968         0.7096
 .10000E+05       1107.88       38.00777         0.7232
 .10000E+05       1108.00       38.04416         0.7867
 .10000E+05       1108.13       38.03650         0.7732
 .10000E+05       1108.26       38.01854         0.7421
 .10000E+05       1108.38       38.04856         0.7955
 .10000E+05       1108.51       38.08923         0.8739
 .10000E+05       1108.64       38.08907         0.8739
 .10000E+05       1108.76       38.10059         0.8977
 .10000E+05       1108.89       38.10826         0.9140
 .10000E+05       1109.02       38.11782         0.9347
 .10000E+05       1109.15       38.08615         0.8692
 .10000E+05       1109.27       38.08025         0.8578
 .10000E+05       1109.40       38.08878         0.8751
 .10000E+05       1109.53       38.08901         0.8759
 .10000E+05       1109.65       38.07521         0.8488
 .10000E+05       1109.78       38.05825         0.8166
 .10000E+05       1109.91       38.06479         0.8293
 .10000E+05       1110.03       38.07377         0.8469
 .10000E+05       1110.16       38.07913         0.8578
 .10000E+05       1110.29       38.08045         0.8607
 .10000E+05       1110.42       38.07728         0.8547
 .10000E+05       1110.54       38.09724         0.8953
 .10000E+05       1110.67       38.10769         0.9174
 .10000E+05       1110.80       38.09530         0.8919
 .10000E+05       1110.92       38.08830         0.8780
 .10000E+05       1111.05       38.08689         0.8754
 .10000E+05       1111.18       38.07876         0.8595
 .10000E+05       1111.30       38.09515         0.8929
 .10000E+05       1111.43       38.10548         0.9147
 .10000E+05       1111.56       38.09341         0.8900
 .10000E+05       1111.68       38.07489         0.8532
 .10000E+05       1111.81       38.07044         0.8448
 .10000E+05       1111.94       38.07339         0.8508
 .10000E+05       1112.07       38.07059         0.8457
 .10000E+05       1112.19       38.06634         0.8378
 .10000E+05       1112.32       38.08873         0.8824
 .10000E+05       1112.45       38.10904         0.9250
 .10000E+05       1112.57       38.10159         0.9096
 .10000E+05       1112.70       38.09430         0.8948
 .10000E+05       1112.83       38.09166         0.8897
 .10000E+05       1112.95       38.08384         0.8742
 .10000E+05       1113.08       38.08598         0.8788
 .10000E+05       1113.21       38.08808         0.8834
 .10000E+05       1113.34       38.09242         0.8926
 .10000E+05       1113.46       38.09562         0.8996
 .10000E+05       1113.59       38.09238         0.8932
 .10000E+05       1113.72       38.10684         0.9238
 .10000E+05       1113.84       38.12621         0.9663
 .10000E+05       1113.97       38.12180         0.9569
 .10000E+05       1114.10       38.11562         0.9437
 .10000E+05       1114.22       38.11050         0.9330
 .10000E+05       1114.35       38.09451         0.8996
 .10000E+05       1114.48       38.09303         0.8969
 .10000E+05       1114.61       38.09822         0.9080
 .10000E+05       1114.73       38.10388         0.9203
 .10000E+05       1114.86       38.11186         0.9377
 .10000E+05       1114.99       38.09959         0.9119
 .10000E+05       1115.11       38.09038         0.8931
 .10000E+05       1115.24       38.09206         0.8970
 .10000E+05       1115.37       38.11852         0.9537
 .10000E+05       1115.49       38.12072         0.9589
 .10000E+05       1115.62       38.10590         0.9270
 .10000E+05       1115.75       38.11044         0.9371
 .10000E+05       1115.88       38.12892         0.9782
 .10000E+05       1116.00       38.13330         0.9885
 .10000E+05       1116.13       38.12246         0.9645
 .10000E+05       1116.26       38.11186         0.9416
 .10000E+05       1116.38       38.10687         0.9312
 .10000E+05       1116.51       38.10477         0.9271
 .10000E+05       1116.64       38.10394         0.9257
 .10000E+05       1116.77       38.10512         0.9285
 .10000E+05       1116.89       38.10263         0.9236
 .10000E+05       1117.02       38.10581         0.9307
 .10000E+05       1117.15       38.09194         0.9018
 .10000E+05       1117.27       38.07915         0.8759
 .10000E+05       1117.40       38.07239         0.8627
 .10000E+05       1117.53       38.05272         0.8248
 .10000E+05       1117.65       38.02799         0.7795
 .10000E+05       1117.78       38.00195         0.7344
 .10000E+05       1117.91       37.98809         0.7116
 .10000E+05       1118.04       37.99229         0.7188
 .10000E+05       1118.16       37.99828         0.7290
 .10000E+05       1118.29       38.01572         0.7592
 .10000E+05       1118.42       38.04691         0.8160
 .10000E+05       1118.54       38.07735         0.8756
 .10000E+05       1118.67       38.10195         0.9270
 .10000E+05       1118.80       38.09694         0.9167
 .10000E+05       1118.92       38.09550         0.9140
 .10000E+05       1119.05       38.09222         0.9074
 .10000E+05       1119.18       38.11261         0.9514
 .10000E+05       1119.30       38.11777         0.9631
 .10000E+05       1119.43       38.11064         0.9478
 .10000E+05       1119.56       38.09497         0.9145
 .10000E+05       1119.69       38.10250         0.9309
 .10000E+05       1119.81       38.12196         0.9739
 .10000E+05       1119.94       38.12827         0.9885
 .10000E+05       1120.07       38.12135         0.9732
 .10000E+05       1120.19       38.11335         0.9558
 .10000E+05       1120.32       38.11742         0.9651
 .10000E+05       1120.45       38.11309         0.9559
 .10000E+05       1120.57       38.11591         0.9625
 .10000E+05       1120.70       38.12032         0.9726
 .10000E+05       1120.83       38.11797         0.9678
 .10000E+05       1120.96       38.07992         0.8869
 .10000E+05       1121.08       38.04847         0.8252
 .10000E+05       1121.21       38.04969         0.8278
 .10000E+05       1121.34       38.03081         0.7929
 .10000E+05       1121.46       38.02032         0.7742
 .10000E+05       1121.59       37.99240         0.7263
 .10000E+05       1121.72       37.95433         0.6656
 .10000E+05       1121.84       37.91349         0.6060
 .10000E+05       1121.97       37.89114         0.5758
 .10000E+05       1122.10       37.89902         0.5866
 .10000E+05       1122.23       37.88914         0.5736
 .10000E+05       1122.35       37.90051         0.5890
 .10000E+05       1122.48       37.87640         0.5574
 .10000E+05       1122.61       37.87305         0.5533
 .10000E+05       1122.73       37.94444         0.6524
 .10000E+05       1122.86       37.99920         0.7403
 .10000E+05       1122.99       38.03236         0.7993
 .10000E+05       1123.11       38.07262         0.8772
 .10000E+05       1123.24       38.09183         0.9172
 .10000E+05       1123.37       38.10719         0.9505
 .10000E+05       1123.50       38.12449         0.9895
 .10000E+05       1123.62       38.12314         0.9867
 .10000E+05       1123.75       38.11101         0.9599
 .10000E+05       1123.88       38.11470         0.9684
 .10000E+05       1124.00       38.12120         0.9833
 .10000E+05       1124.13       38.11536         0.9705
 .10000E+05       1124.26       38.11135         0.9619
 .10000E+05       1124.39       38.09236         0.9210
 .10000E+05       1124.51       38.06838         0.8718
 .10000E+05       1124.64       38.05932         0.8541
 .10000E+05       1124.77       38.06420         0.8640
 .10000E+05       1124.89       38.04233         0.8218
 .10000E+05       1125.02       38.05991         0.8561
 .10000E+05       1125.15       38.04916         0.8354
 .10000E+05       1125.27       38.01052         0.7645
 .10000E+05       1125.40       38.00827         0.7608
 .10000E+05       1125.53       38.02155         0.7847
 .10000E+05       1125.66       38.02890         0.7983
 .10000E+05       1125.78       38.04736         0.8332
 .10000E+05       1125.91       38.07073         0.8795
 .10000E+05       1126.04       38.08654         0.9124
 .10000E+05       1126.16       38.08903         0.9179
 .10000E+05       1126.29       38.09296         0.9266
 .10000E+05       1126.42       38.10125         0.9447
 .10000E+05       1126.54       38.10001         0.9423
 .10000E+05       1126.67       38.10435         0.9520
 .10000E+05       1126.80       38.09468         0.9314
 .10000E+05       1126.92       38.08242         0.9057
 .10000E+05       1127.05       38.08025         0.9015
 .10000E+05       1127.18       38.07173         0.8842
 .10000E+05       1127.31       38.07961         0.9007
 .10000E+05       1127.43       38.07159         0.8844
 .10000E+05       1127.56       38.04749         0.8369
 .10000E+05       1127.69       38.02499         0.7949
 .10000E+05       1127.81       37.99010         0.7338
 .10000E+05       1127.94       37.95565         0.6780
 .10000E+05       1128.07       37.91921         0.6236
 .10000E+05       1128.19       37.88761         0.5800
 .10000E+05       1128.32       37.86066         0.5453
 .10000E+05       1128.45       37.87016         0.5575
 .10000E+05       1128.58       37.91042         0.6118
 .10000E+05       1128.70       37.94644         0.6649
 .10000E+05       1128.83       37.97031         0.7027
 .10000E+05       1128.96       38.00304         0.7579
 .10000E+05       1129.08       38.02546         0.7983
 .10000E+05       1129.21       38.04898         0.8430
 .10000E+05       1129.34       38.06689         0.8787
 .10000E+05       1129.46       38.07529         0.8961
 .10000E+05       1129.59       38.07941         0.9050
 .10000E+05       1129.72       38.09406         0.9362
 .10000E+05       1129.85       38.10531         0.9611
 .10000E+05       1129.97       38.10252         0.9552
 .10000E+05       1130.10       38.10954         0.9710
 .10000E+05       1130.23       38.10448         0.9601
 .10000E+05       1130.35       38.10229         0.9555
 .10000E+05       1130.48       38.09862         0.9477
 .10000E+05       1130.61       38.09882         0.9484
 .10000E+05       1130.73       38.10081         0.9530
 .10000E+05       1130.86       38.09360         0.9376
 .10000E+05       1130.99       38.07164         0.8916
 .10000E+05       1131.12       38.07059         0.8897
 .10000E+05       1131.24       38.08015         0.9098
 .10000E+05       1131.37       38.09028         0.9315
 .10000E+05       1131.50       38.10316         0.9598
 .10000E+05       1131.62       38.09842         0.9496
 .10000E+05       1131.75       38.08823         0.9279
 .10000E+05       1131.88       38.08333         0.9177
 .10000E+05       1132.01       38.08478         0.9210
 .10000E+05       1132.13       38.09341         0.9398
 .10000E+05       1132.26       38.08194         0.9155
 .10000E+05       1132.39       38.08379         0.9197
 .10000E+05       1132.51       38.08441         0.9212
 .10000E+05       1132.64       38.06425         0.8797
 .10000E+05       1132.77       38.04362         0.8391
 .10000E+05       1132.89       38.06660         0.8849
 .10000E+05       1133.02       38.07636         0.9053
 .10000E+05       1133.15       38.03683         0.8267
 .10000E+05       1133.28       37.98325         0.7310
 .10000E+05       1133.40       37.98021         0.7261
 .10000E+05       1133.53       37.94481         0.6694
 .10000E+05       1133.66       37.94597         0.6714
 .10000E+05       1133.78       37.94872         0.6758
 .10000E+05       1133.91       37.89141         0.5924
 .10000E+05       1134.04       37.85091         0.5398
 .10000E+05       1134.16       37.81834         0.5010
 .10000E+05       1134.29       37.82635         0.5104
 .10000E+05       1134.42       37.80003         0.4805
 .10000E+05       1134.54       37.82652         0.5109
 .10000E+05       1134.67       37.93190         0.6514
 .10000E+05       1134.80       37.97911         0.7264
 .10000E+05       1134.93       37.93837         0.6615
 .10000E+05       1135.05       37.90696         0.6155
 .10000E+05       1135.18       37.94833         0.6772
 .10000E+05       1135.31       38.02028         0.7994
 .10000E+05       1135.43       38.06574         0.8879
 .10000E+05       1135.56       38.08841         0.9357
 .10000E+05       1135.69       38.09660         0.9537
 .10000E+05       1135.81       38.10185         0.9656
 .10000E+05       1135.94       38.08891         0.9375
 .10000E+05       1136.07       38.08675         0.9331
 .10000E+05       1136.20       38.09609         0.9536
 .10000E+05       1136.32       38.07824         0.9155
 .10000E+05       1136.45       38.06582         0.8899
 .10000E+05       1136.58       38.08560         0.9316
 .10000E+05       1136.70       38.07370         0.9067
 .10000E+05       1136.83       38.07477         0.9091
 .10000E+05       1136.96       38.08516         0.9314
 .10000E+05       1137.08       38.08565         0.9327
 .10000E+05       1137.21       38.08910         0.9403
 .10000E+05       1137.34       38.09534         0.9542
 .10000E+05       1137.47       38.09363         0.9507
 .10000E+05       1137.59       38.07957         0.9207
 .10000E+05       1137.72       38.08273         0.9276
 .10000E+05       1137.85       38.08535         0.9335
 .10000E+05       1137.97       38.08701         0.9373
 .10000E+05       1138.10       38.07821         0.9187
 .10000E+05       1138.23       38.07769         0.9179
 .10000E+05       1138.35       38.07457         0.9115
 .10000E+05       1138.48       38.06702         0.8961
 .10000E+05       1138.61       38.05740         0.8766
 .10000E+05       1138.74       38.06563         0.8936
 .10000E+05       1138.86       38.07115         0.9053
 .10000E+05       1138.99       38.06211         0.8869
 .10000E+05       1139.12       38.05889         0.8806
 .10000E+05       1139.24       38.06703         0.8975
 .10000E+05       1139.37       38.08550         0.9367
 .10000E+05       1139.50       38.07113         0.9064
 .10000E+05       1139.62       38.04258         0.8490
 .10000E+05       1139.75       38.08405         0.9343
 .10000E+05       1139.88       38.08520         0.9370
 .10000E+05       1140.01       38.06989         0.9048
 .10000E+05       1140.13       38.07760         0.9212
 .10000E+05       1140.26       38.09239         0.9534
 .10000E+05       1140.39       38.09622         0.9621
 .10000E+05       1140.51       38.08717         0.9425
 .10000E+05       1140.64       38.07912         0.9254
 .10000E+05       1140.77       38.08164         0.9310
 .10000E+05       1140.90       38.08150         0.9310
 .10000E+05       1141.02       38.07602         0.9195
 .10000E+05       1141.15       38.07842         0.9249
 .10000E+05       1141.28       38.07632         0.9206
 .10000E+05       1141.40       38.05411         0.8750
 .10000E+05       1141.53       38.05335         0.8737
 .10000E+05       1141.66       38.06341         0.8944
 .10000E+05       1141.78       38.06412         0.8961
 .10000E+05       1141.91       38.06082         0.8895
 .10000E+05       1142.04       38.05791         0.8838
 .10000E+05       1142.17       38.04422         0.8566
 .10000E+05       1142.29       38.01389         0.7990
 .10000E+05       1142.42       38.01850         0.8078
 .10000E+05       1142.55       38.02857         0.8269
 .10000E+05       1142.67       38.02936         0.8286
 .10000E+05       1142.80       38.04202         0.8534
 .10000E+05       1142.93       38.05355         0.8766
 .10000E+05       1143.05       38.03948         0.8488
 .10000E+05       1143.18       38.00661         0.7872
 .10000E+05       1143.31       37.97879         0.7385
 .10000E+05       1143.43       38.00426         0.7833
 .10000E+05       1143.56       38.05694         0.8846
 .10000E+05       1143.69       38.09207         0.9594
 .10000E+05       1143.82       38.06279         0.8970
 .10000E+05       1143.94       37.95517         0.7003
 .10000E+05       1144.07       37.96997         0.7248
 .10000E+05       1144.20       38.00325         0.7827
 .10000E+05       1144.32       37.98089         0.7437
 .10000E+05       1144.45       37.95888         0.7071
 .10000E+05       1144.58       37.94966         0.6924
 .10000E+05       1144.70       37.95053         0.6940
 .10000E+05       1144.83       37.89618         0.6125
 .10000E+05       1144.96       37.83667         0.5342
 .10000E+05       1145.09       37.85078         0.5520
 .10000E+05       1145.21       37.93474         0.6699
 .10000E+05       1145.34       38.02203         0.8193
 .10000E+05       1145.47       38.06548         0.9057
 .10000E+05       1145.59       38.08199         0.9411
 .10000E+05       1145.72       38.09074         0.9605
 .10000E+05       1145.85       38.08264         0.9430
 .10000E+05       1145.97       38.08606         0.9507
 .10000E+05       1146.10       38.08584         0.9505
 .10000E+05       1146.23       38.08123         0.9407
 .10000E+05       1146.36       38.08794         0.9556
 .10000E+05       1146.48       38.09315         0.9674
 .10000E+05       1146.61       38.08971         0.9600
 .10000E+05       1146.74       38.08424         0.9482
 .10000E+05       1146.86       38.07647         0.9317
 .10000E+05       1146.99       38.07207         0.9226
 .10000E+05       1147.12       38.07505         0.9292
 .10000E+05       1147.24       38.08287         0.9463
 .10000E+05       1147.37       38.08518         0.9516
 .10000E+05       1147.50       38.09536         0.9744
 .10000E+05       1147.63       38.08767         0.9576
 .10000E+05       1147.75       38.08931         0.9615
 .10000E+05       1147.88       38.09823         0.9817
 .10000E+05       1148.01       38.09377         0.9719
 .10000E+05       1148.13       38.09804         0.9818
 .10000E+05       1148.26       38.09849         0.9831
 .10000E+05       1148.39       38.10188         0.9911
 .10000E+05       1148.52       38.09352         0.9725
 .10000E+05       1148.64       38.07612         0.9345
 .10000E+05       1148.77       38.07965         0.9424
 .10000E+05       1148.90       38.08423         0.9527
 .10000E+05       1149.02       38.08654         0.9580
 .10000E+05       1149.15       38.07846         0.9406
 .10000E+05       1149.28       38.06595         0.9142
 .10000E+05       1149.40       38.06290         0.9081
 .10000E+05       1149.53       38.05562         0.8932
 .10000E+05       1149.66       38.05657         0.8954
 .10000E+05       1149.78       38.06049         0.9038
 .10000E+05       1149.91       38.06325         0.9098
 .10000E+05       1150.04       38.06216         0.9078
 .10000E+05       1150.17       38.05830         0.9000
 .10000E+05       1150.29       38.06710         0.9187
 .10000E+05       1150.42       38.08203         0.9511
 .10000E+05       1150.55       38.07829         0.9432
 .10000E+05       1150.67       38.06447         0.9139
 .10000E+05       1150.80       38.05994         0.9047
 .10000E+05       1150.93       38.04330         0.8710
 .10000E+05       1151.05       38.00091         0.7902
 .10000E+05       1151.18       38.01714         0.8205
 .10000E+05       1151.31       38.04430         0.8737
 .10000E+05       1151.44       38.08559         0.9612
 .10000E+05       1151.56       38.08009         0.9493
 .10000E+05       1151.69       38.08196         0.9537
 .10000E+05       1151.82       38.05201         0.8904
 .10000E+05       1151.94       38.05281         0.8923
 .10000E+05       1152.07       38.07964         0.9495
 .10000E+05       1152.20       38.05790         0.9034
 .10000E+05       1152.32       38.04294         0.8731
 .10000E+05       1152.45       38.03745         0.8624
 .10000E+05       1152.58       38.02018         0.8290
 .10000E+05       1152.71       38.01537         0.8201
 .10000E+05       1152.83       37.99720         0.7867
 .10000E+05       1152.96       37.97146         0.7417
 .10000E+05       1153.09       38.01334         0.8170
 .10000E+05       1153.21       38.04720         0.8835
 .10000E+05       1153.34       38.06222         0.9149
 .10000E+05       1153.47       38.04020         0.8700
 .10000E+05       1153.59       38.02728         0.8447
 .10000E+05       1153.72       38.03665         0.8634
 .10000E+05       1153.85       38.04787         0.8863
 .10000E+05       1153.98       38.05364         0.8984
 .10000E+05       1154.10       38.04981         0.8908
 .10000E+05       1154.23       38.05708         0.9061
 .10000E+05       1154.36       38.06709         0.9275
 .10000E+05       1154.48       38.05920         0.9111
 .10000E+05       1154.61       38.05766         0.9082
 .10000E+05       1154.74       38.05937         0.9121
 .10000E+05       1154.86       38.05544         0.9041
 .10000E+05       1154.99       38.06868         0.9324
 .10000E+05       1155.12       38.06780         0.9308
 .10000E+05       1155.25       38.07327         0.9429
 .10000E+05       1155.37       38.07439         0.9456
 .10000E+05       1155.50       38.06211         0.9196
 .10000E+05       1155.63       38.06462         0.9252
 .10000E+05       1155.75       38.05870         0.9130
 .10000E+05       1155.88       38.06485         0.9263
 .10000E+05       1156.01       38.06984         0.9373
 .10000E+05       1156.14       38.07020         0.9384
 .10000E+05       1156.26       38.07676         0.9530
 .10000E+05       1156.39       38.07449         0.9483
 .10000E+05       1156.52       38.06415         0.9263
 .10000E+05       1156.64       38.06634         0.9313
 .10000E+05       1156.77       38.07543         0.9513
 .10000E+05       1156.90       38.07537         0.9515
 .10000E+05       1157.02       38.05956         0.9178
 .10000E+05       1157.15       38.05176         0.9017
 .10000E+05       1157.28       38.05457         0.9079
 .10000E+05       1157.41       38.05790         0.9152
 .10000E+05       1157.53       38.04939         0.8977
 .10000E+05       1157.66       38.04260         0.8841
 .10000E+05       1157.79       38.04320         0.8856
 .10000E+05       1157.91       38.04479         0.8892
 .10000E+05       1158.04       38.04932         0.8988
 .10000E+05       1158.17       38.05276         0.9062
 .10000E+05       1158.29       38.06229         0.9266
 .10000E+05       1158.42       38.07172         0.9473
 .10000E+05       1158.55       38.06854         0.9407
 .10000E+05       1158.68       38.07133         0.9471
 .10000E+05       1158.80       38.07059         0.9458
 .10000E+05       1158.93       38.06538         0.9348
 .10000E+05       1159.06       38.06043         0.9245
 .10000E+05       1159.18       38.06194         0.9281
 .10000E+05       1159.31       38.07280         0.9519
 .10000E+05       1159.44       38.06436         0.9339
 .10000E+05       1159.56       38.05833         0.9213
 .10000E+05       1159.69       38.06863         0.9438
 .10000E+05       1159.82       38.05926         0.9239
 .10000E+05       1159.94       38.04736         0.8993
 .10000E+05       1160.07       38.04851         0.9020
 .10000E+05       1160.20       38.05379         0.9133
 .10000E+05       1160.33       38.06625         0.9402
 .10000E+05       1160.45       38.06479         0.9374
 .10000E+05       1160.58       38.04733         0.9008
 .10000E+05       1160.71       38.04621         0.8988
 .10000E+05       1160.83       38.06575         0.9405
 .10000E+05       1160.96       38.07743         0.9664
 .10000E+05       1161.09       38.06460         0.9386
 .10000E+05       1161.21       38.05959         0.9282
 .10000E+05       1161.34       38.06983         0.9506
 .10000E+05       1161.47       38.07140         0.9544
 .10000E+05       1161.60       38.05848         0.9268
 .10000E+05       1161.72       38.05243         0.9143
 .10000E+05       1161.85       38.05163         0.9129
 .10000E+05       1161.98       38.05081         0.9115
 .10000E+05       1162.10       38.04987         0.9099
 .10000E+05       1162.23       38.05437         0.9197
 .10000E+05       1162.36       38.05951         0.9309
 .10000E+05       1162.48       38.05836         0.9288
 .10000E+05       1162.61       38.05977         0.9322
 .10000E+05       1162.74       38.06397         0.9416
 .10000E+05       1162.87       38.05905         0.9313
 .10000E+05       1162.99       38.03927         0.8901
 .10000E+05       1163.12       38.04184         0.8957
 .10000E+05       1163.25       38.04597         0.9046
 .10000E+05       1163.37       38.04970         0.9127
 .10000E+05       1163.50       38.06628         0.9486
 .10000E+05       1163.63       38.07741         0.9736
 .10000E+05       1163.76       38.08176         0.9837
 .10000E+05       1163.88       38.07516         0.9693
 .10000E+05       1164.01       38.06326         0.9434
 .10000E+05       1164.14       38.07011         0.9588
 .10000E+05       1164.26       38.07380         0.9673
 .10000E+05       1164.39       38.05536         0.9274
 .10000E+05       1164.52       38.04102         0.8976
 .10000E+05       1164.64       38.04449         0.9052
 .10000E+05       1164.77       38.04802         0.9129
 .10000E+05       1164.90       38.04175         0.9001
 .10000E+05       1165.03       38.04831         0.9141
 .10000E+05       1165.15       38.05523         0.9292
 .10000E+05       1165.28       38.04591         0.9098
 .10000E+05       1165.41       38.03853         0.8948
 .10000E+05       1165.53       38.04894         0.9168
 .10000E+05       1165.66       38.04168         0.9019
 .10000E+05       1165.79       38.02470         0.8677
 .10000E+05       1165.91       38.02444         0.8675
 .10000E+05       1166.04       38.02552         0.8700
 .10000E+05       1166.17       38.02408         0.8674
 .10000E+05       1166.29       38.02922         0.8781
 .10000E+05       1166.42       38.04129         0.9031
 .10000E+05       1166.55       38.04662         0.9146
 .10000E+05       1166.68       38.04841         0.9188
 .10000E+05       1166.80       38.05997         0.9439
 .10000E+05       1166.93       38.05338         0.9300
 .10000E+05       1167.06       38.06116         0.9472
 .10000E+05       1167.18       38.04846         0.9202
 .10000E+05       1167.31       38.03282         0.8880
 .10000E+05       1167.44       38.04315         0.9097
 .10000E+05       1167.56       38.06422         0.9553
 .10000E+05       1167.69       38.05653         0.9389
 .10000E+05       1167.82       38.05208         0.9297
 .10000E+05       1167.95       38.04490         0.9148
 .10000E+05       1168.07       38.03881         0.9024
 .10000E+05       1168.20       38.04292         0.9113
 .10000E+05       1168.33       38.04730         0.9209
 .10000E+05       1168.45       38.02371         0.8726
 .10000E+05       1168.58       38.00897         0.8437
 .10000E+05       1168.71       38.00166         0.8300
 .10000E+05       1168.83       37.99758         0.8225
 .10000E+05       1168.96       37.97868         0.7878
 .10000E+05       1169.09       37.95324         0.7433
 .10000E+05       1169.22       37.95927         0.7540
 .10000E+05       1169.34       37.98882         0.8073
 .10000E+05       1169.47       37.99247         0.8145
 .10000E+05       1169.60       38.01228         0.8528
 .10000E+05       1169.72       38.02585         0.8802
 .10000E+05       1169.85       38.03282         0.8948
 .10000E+05       1169.98       38.04201         0.9143
 .10000E+05       1170.10       38.04139         0.9134
 .10000E+05       1170.23       38.04278         0.9166
 .10000E+05       1170.36       38.03608         0.9029
 .10000E+05       1170.49       38.03744         0.9061
 .10000E+05       1170.61       38.03918         0.9101
 .10000E+05       1170.74       38.03519         0.9021
 .10000E+05       1170.87       38.05572         0.9462
 .10000E+05       1170.99       38.05927         0.9543
 .10000E+05       1171.12       38.03358         0.8999
 .10000E+05       1171.25       38.03876         0.9110
 .10000E+05       1171.38       38.02509         0.8831
 .10000E+05       1171.50       38.02738         0.8881
 .10000E+05       1171.63       38.03426         0.9027
 .10000E+05       1171.76       38.01662         0.8671
 .10000E+05       1171.88       38.03097         0.8966
 .10000E+05       1172.01       38.04694         0.9305
 .10000E+05       1172.14       38.04082         0.9179
 .10000E+05       1172.26       38.06019         0.9601
 .10000E+05       1172.39       38.07137         0.9855
 .10000E+05       1172.52       38.05599         0.9516
 .10000E+05       1172.65       38.04383         0.9257
 .10000E+05       1172.77       38.05372         0.9474
 .10000E+05       1172.90       38.03872         0.9156
 .10000E+05       1173.03       38.03984         0.9183
 .10000E+05       1173.15       38.05335         0.9477
 .10000E+05       1173.28       38.06351         0.9706
 .10000E+05       1173.41       38.04548         0.9314
 .10000E+05       1173.53       38.04058         0.9214
 .10000E+05       1173.66       38.06061         0.9652
 .10000E+05       1173.79       38.05756         0.9589
 .10000E+05       1173.92       38.05063         0.9441
 .10000E+05       1174.04       38.04509         0.9325
 .10000E+05       1174.17       38.02326         0.8871
 .10000E+05       1174.30       38.01816         0.8771
 .10000E+05       1174.42       38.02154         0.8843
 .10000E+05       1174.55       37.98522         0.8137
 .10000E+05       1174.68       37.94916         0.7492
 .10000E+05       1174.80       37.94581         0.7437
 .10000E+05       1174.93       37.91516         0.6933
 .10000E+05       1175.06       37.89238         0.6582
 .10000E+05       1175.18       37.85266         0.6009
 .10000E+05       1175.31       37.82525         0.5643
 .10000E+05       1175.44       37.82573         0.5652
 .10000E+05       1175.57       37.84012         0.5845
 .10000E+05       1175.69       37.82978         0.5710
 .10000E+05       1175.82       37.80263         0.5366
 .10000E+05       1175.95       37.82204         0.5613
 .10000E+05       1176.07       37.86082         0.6140
 .10000E+05       1176.20       37.86984         0.6272
 .10000E+05       1176.33       37.87677         0.6375
 .10000E+05       1176.45       37.89509         0.6652
 .10000E+05       1176.58       37.92335         0.7103
 .10000E+05       1176.71       37.95245         0.7598
 .10000E+05       1176.84       37.96509         0.7825
 .10000E+05       1176.96       37.99397         0.8367
 .10000E+05       1177.09       38.01272         0.8740
 .10000E+05       1177.22       38.03455         0.9194
 .10000E+05       1177.34       38.03861         0.9284
 .10000E+05       1177.47       38.03728         0.9260
 .10000E+05       1177.60       38.02773         0.9062
 .10000E+05       1177.72       38.01906         0.8886
 .10000E+05       1177.85       38.03345         0.9190
 .10000E+05       1177.98       38.03797         0.9290
 .10000E+05       1178.11       38.02448         0.9009
 .10000E+05       1178.23       38.03728         0.9283
 .10000E+05       1178.36       38.05233         0.9614
 .10000E+05       1178.49       38.02413         0.9013
 .10000E+05       1178.61       38.03004         0.9141
 .10000E+05       1178.74       38.04153         0.9390
 .10000E+05       1178.87       38.05362         0.9659
 .10000E+05       1178.99       38.05836         0.9769
 .10000E+05       1179.12       38.05019         0.9590
 .10000E+05       1179.25       38.04458         0.9471
 .10000E+05       1179.38       38.05057         0.9607
 .10000E+05       1179.50       38.04485         0.9485
 .10000E+05       1179.63       38.04690         0.9534
 .10000E+05       1179.76       38.06324         0.9904
 .10000E+05       1179.88       38.05567         0.9737
 .10000E+05       1180.01       38.04247         0.9449
 .10000E+05       1180.14       38.03535         0.9299
 .10000E+05       1180.27       38.01958         0.8972
 .10000E+05       1180.39       38.01756         0.8934
 .10000E+05       1180.52       38.00949         0.8773
 .10000E+05       1180.65       38.00364         0.8659
 .10000E+05       1180.77       37.99028         0.8400
 .10000E+05       1180.90       37.98926         0.8384
 .10000E+05       1181.03       37.99755         0.8549
 .10000E+05       1181.15       37.99448         0.8493
 .10000E+05       1181.28       37.99680         0.8542
 .10000E+05       1181.41       38.00341         0.8677
 .10000E+05       1181.54       38.01757         0.8968
 .10000E+05       1181.66       38.02962         0.9224
 .10000E+05       1181.79       38.01894         0.9004
 .10000E+05       1181.92       38.03441         0.9334
 .10000E+05       1182.04       38.03767         0.9409
 .10000E+05       1182.17       38.03973         0.9457
 .10000E+05       1182.30       38.03757         0.9415
 .10000E+05       1182.42       38.03549         0.9374
 .10000E+05       1182.55       38.03332         0.9331
 .10000E+05       1182.68       38.03127         0.9291
