 MODEL DESIGNATION: First_Attempt       
 MODEL GENERATED: Thu Dec 20 13:54:49 2012

        COMPUTED SYNTHETIC LINE SPECTRUM [ERG/SEC/A]

 TIME [YR]      WAVELENGTH  LOG(LUMINOSITY)  NORMALIZED SPECTRUM
 .10000E+05       1205.50       37.69998         0.4379
 .10000E+05       1206.25       37.44428         0.2434
 .10000E+05       1207.00       37.51918         0.2897
 .10000E+05       1207.75       37.63855         0.3819
 .10000E+05       1208.50       37.63574         0.3800
 .10000E+05       1209.25       37.65033         0.3936
 .10000E+05       1210.00       37.69905         0.4411
 .10000E+05       1210.75       37.71605         0.4594
 .10000E+05       1211.50       37.70354         0.4470
 .10000E+05       1212.25       37.67640         0.4206
 .10000E+05       1213.00       37.65126         0.3975
 .10000E+05       1213.75       37.65517         0.4018
 .10000E+05       1214.50       37.85816         0.6421
 .10000E+05       1215.25       37.92906         0.7572
 .10000E+05       1216.00       37.73721         0.4875
 .10000E+05       1216.75       37.57495         0.3361
 .10000E+05       1217.50       37.57449         0.3362
 .10000E+05       1218.25       37.58944         0.3485
 .10000E+05       1219.00       37.59684         0.3550
 .10000E+05       1219.75       37.61172         0.3680
 .10000E+05       1220.50       37.65865         0.4106
 .10000E+05       1221.25       37.65245         0.4054
 .10000E+05       1222.00       37.62346         0.3798
 .10000E+05       1222.75       37.64140         0.3964
 .10000E+05       1223.50       37.69627         0.4505
 .10000E+05       1224.25       37.72701         0.4842
 .10000E+05       1225.00       37.74773         0.5087
 .10000E+05       1225.75       37.74602         0.5074
 .10000E+05       1226.50       37.72497         0.4841
 .10000E+05       1227.25       37.70851         0.4668
 .10000E+05       1228.00       37.72351         0.4840
 .10000E+05       1228.75       37.71291         0.4730
 .10000E+05       1229.50       37.71881         0.4802
 .10000E+05       1230.25       37.68101         0.4408
 .10000E+05       1231.00       37.67500         0.4354
 .10000E+05       1231.75       37.68083         0.4420
 .10000E+05       1232.50       37.69431         0.4566
 .10000E+05       1233.25       37.70074         0.4641
 .10000E+05       1234.00       37.70032         0.4643
 .10000E+05       1234.75       37.70569         0.4708
 .10000E+05       1235.50       37.71804         0.4851
 .10000E+05       1236.25       37.73037         0.4998
 .10000E+05       1237.00       37.75583         0.5307
 .10000E+05       1237.75       37.78250         0.5652
 .10000E+05       1238.50       37.79974         0.5889
 .10000E+05       1239.25       37.84753         0.6584
 .10000E+05       1240.00       37.87761         0.7067
 .10000E+05       1240.75       37.90962         0.7619
 .10000E+05       1241.50       37.95557         0.8481
 .10000E+05       1242.25       37.98852         0.9163
 .10000E+05       1243.00       38.04048         1.0343
 .10000E+05       1243.75       38.09589         1.1767
 .10000E+05       1244.50       38.11412         1.2290
 .10000E+05       1245.25       38.10365         1.2014
 .10000E+05       1246.00       38.08755         1.1594
 .10000E+05       1246.75       38.06804         1.1101
 .10000E+05       1247.50       38.03613         1.0329
 .10000E+05       1248.25       38.04507         1.0559
 .10000E+05       1249.00       38.04725         1.0628
 .10000E+05       1249.75       38.00917         0.9750
 .10000E+05       1250.50       37.96367         0.8792
 .10000E+05       1251.25       37.99203         0.9399
 .10000E+05       1252.00       38.00752         0.9755
 .10000E+05       1252.75       37.96256         0.8808
 .10000E+05       1253.50       37.90255         0.7682
 .10000E+05       1254.25       37.94379         0.8460
 .10000E+05       1255.00       37.99796         0.9597
 .10000E+05       1255.75       38.00948         0.9869
 .10000E+05       1256.50       38.00848         0.9860
 .10000E+05       1257.25       37.99872         0.9655
 .10000E+05       1258.00       37.97015         0.9053
 .10000E+05       1258.75       37.91124         0.7916
 .10000E+05       1259.50       37.75207         0.5495
 .10000E+05       1260.25       37.61699         0.4032
 .10000E+05       1261.00       37.81738         0.6404
 .10000E+05       1261.75       37.95512         0.8807
 .10000E+05       1262.50       37.99490         0.9665
 .10000E+05       1263.25       38.00974         1.0015
 .10000E+05       1264.00       38.00745         0.9977
 .10000E+05       1264.75       37.98393         0.9464
 .10000E+05       1265.50       37.98442         0.9488
 .10000E+05       1266.25       37.98189         0.9446
 .10000E+05       1267.00       37.99491         0.9747
 .10000E+05       1267.75       38.00856         1.0072
 .10000E+05       1268.50       38.00915         1.0100
 .10000E+05       1269.25       38.00594         1.0039
 .10000E+05       1270.00       38.00215         0.9966
 .10000E+05       1270.75       37.98912         0.9685
 .10000E+05       1271.50       37.97855         0.9465
 .10000E+05       1272.25       37.96961         0.9285
 .10000E+05       1273.00       37.98298         0.9589
 .10000E+05       1273.75       37.98679         0.9686
 .10000E+05       1274.50       37.99773         0.9947
 .10000E+05       1275.25       37.99640         0.9930
 .10000E+05       1276.00       37.99102         0.9821
 .10000E+05       1276.75       37.96395         0.9240
 .10000E+05       1277.50       37.95390         0.9041
 .10000E+05       1278.25       37.98029         0.9621
 .10000E+05       1279.00       37.98336         0.9702
 .10000E+05       1279.75       37.99174         0.9905
 .10000E+05       1280.50       37.98336         0.9729
 .10000E+05       1281.25       38.00023         1.0128
 .10000E+05       1282.00       37.99746         1.0077
 .10000E+05       1282.75       37.99117         0.9945
 .10000E+05       1283.50       37.98560         0.9831
 .10000E+05       1284.25       37.97747         0.9661
 .10000E+05       1285.00       37.98290         0.9795
 .10000E+05       1285.75       37.96832         0.9484
 .10000E+05       1286.50       37.96526         0.9429
 .10000E+05       1287.25       37.97294         0.9609
 .10000E+05       1288.00       37.98358         0.9860
 .10000E+05       1288.75       37.99876         1.0223
 .10000E+05       1289.50       38.00591         1.0406
 .10000E+05       1290.25       38.00823         1.0475
 .10000E+05       1291.00       38.00103         1.0315
 .10000E+05       1291.75       37.99633         1.0216
 .10000E+05       1292.50       37.99768         1.0261
 .10000E+05       1293.25       37.99393         1.0185
 .10000E+05       1294.00       37.99001         1.0105
 .10000E+05       1294.75       37.96558         0.9564
 .10000E+05       1295.50       37.96994         0.9672
 .10000E+05       1296.25       37.94721         0.9190
 .10000E+05       1297.00       37.93721         0.8992
 .10000E+05       1297.75       37.97074         0.9725
 .10000E+05       1298.50       37.96886         0.9695
 .10000E+05       1299.25       37.96386         0.9595
 .10000E+05       1300.00       37.98289         1.0038
 .10000E+05       1300.75       37.93069         0.8912
 .10000E+05       1301.50       37.79280         0.6497
 .10000E+05       1302.25       37.75426         0.5953
 .10000E+05       1303.00       37.85954         0.7596
 .10000E+05       1303.75       37.80788         0.6753
 .10000E+05       1304.50       37.80403         0.6703
 .10000E+05       1305.25       37.92188         0.8804
 .10000E+05       1306.00       37.95926         0.9608
 .10000E+05       1306.75       37.97002         0.9863
 .10000E+05       1307.50       37.97404         0.9969
 .10000E+05       1308.25       37.97280         0.9954
 .10000E+05       1309.00       37.96368         0.9761
 .10000E+05       1309.75       37.95656         0.9616
 .10000E+05       1310.50       37.96645         0.9851
 .10000E+05       1311.25       37.96909         0.9926
 .10000E+05       1312.00       37.97302         1.0031
 .10000E+05       1312.75       37.97584         1.0110
 .10000E+05       1313.50       37.98808         1.0415
 .10000E+05       1314.25       37.98299         1.0309
 .10000E+05       1315.00       37.97553         1.0148
 .10000E+05       1315.75       37.97768         1.0213
 .10000E+05       1316.50       37.96646         0.9967
 .10000E+05       1317.25       37.95650         0.9756
 .10000E+05       1318.00       37.94984         0.9622
 .10000E+05       1318.75       37.95590         0.9772
 .10000E+05       1319.50       37.96753         1.0052
 .10000E+05       1320.25       37.96173         0.9933
 .10000E+05       1321.00       37.94675         0.9611
 .10000E+05       1321.75       37.95168         0.9736
 .10000E+05       1322.50       37.96145         0.9972
 .10000E+05       1323.25       37.95683         0.9881
 .10000E+05       1324.00       37.93613         0.9436
 .10000E+05       1324.75       37.95491         0.9868
 .10000E+05       1325.50       37.97082         1.0252
 .10000E+05       1326.25       37.97605         1.0392
 .10000E+05       1327.00       37.97088         1.0284
 .10000E+05       1327.75       37.95782         0.9995
 .10000E+05       1328.50       37.94700         0.9764
 .10000E+05       1329.25       37.93935         0.9608
 .10000E+05       1330.00       37.93532         0.9534
 .10000E+05       1330.75       37.93876         0.9624
 .10000E+05       1331.50       37.94137         0.9697
 .10000E+05       1332.25       37.95069         0.9923
 .10000E+05       1333.00       37.92598         0.9388
 .10000E+05       1333.75       37.76640         0.6512
 .10000E+05       1334.50       37.56689         0.4119
 .10000E+05       1335.25       37.71877         0.5853
 .10000E+05       1336.00       37.82565         0.7497
 .10000E+05       1336.75       37.91206         0.9162
 .10000E+05       1337.50       37.92498         0.9453
 .10000E+05       1338.25       37.89395         0.8815
 .10000E+05       1339.00       37.88934         0.8735
 .10000E+05       1339.75       37.93188         0.9648
 .10000E+05       1340.50       37.95297         1.0144
 .10000E+05       1341.25       37.95487         1.0204
 .10000E+05       1342.00       37.94538         0.9998
 .10000E+05       1342.75       37.89650         0.8947
 .10000E+05       1343.50       37.85108         0.8071
 .10000E+05       1344.25       37.90235         0.9096
 .10000E+05       1345.00       37.94674         1.0090
 .10000E+05       1345.75       37.94911         1.0160
 .10000E+05       1346.50       37.95131         1.0226
 .10000E+05       1347.25       37.95922         1.0430
 .10000E+05       1348.00       37.95861         1.0431
 .10000E+05       1348.75       37.96340         1.0562
 .10000E+05       1349.50       37.95943         1.0481
 .10000E+05       1350.25       37.94496         1.0152
 .10000E+05       1351.00       37.94041         1.0061
 .10000E+05       1351.75       37.94498         1.0182
 .10000E+05       1352.50       37.94086         1.0100
 .10000E+05       1353.25       37.94422         1.0193
 .10000E+05       1354.00       37.94506         1.0228
 .10000E+05       1354.75       37.94527         1.0247
 .10000E+05       1355.50       37.93744         1.0078
 .10000E+05       1356.25       37.94155         1.0188
 .10000E+05       1357.00       37.94144         1.0200
 .10000E+05       1357.75       37.93270         1.0010
 .10000E+05       1358.50       37.92548         0.9859
 .10000E+05       1359.25       37.92434         0.9846
 .10000E+05       1360.00       37.93713         1.0154
 .10000E+05       1360.75       37.93366         1.0087
 .10000E+05       1361.50       37.89468         0.9234
 .10000E+05       1362.25       37.88332         0.9008
 .10000E+05       1363.00       37.88741         0.9105
 .10000E+05       1363.75       37.88734         0.9116
 .10000E+05       1364.50       37.89628         0.9318
 .10000E+05       1365.25       37.87616         0.8909
 .10000E+05       1366.00       37.88441         0.9092
 .10000E+05       1366.75       37.89341         0.9295
 .10000E+05       1367.50       37.89482         0.9338
 .10000E+05       1368.25       37.88669         0.9177
 .10000E+05       1369.00       37.87161         0.8876
 .10000E+05       1369.75       37.85476         0.8550
 .10000E+05       1370.50       37.84824         0.8434
 .10000E+05       1371.25       37.84992         0.8478
 .10000E+05       1372.00       37.88187         0.9138
 .10000E+05       1372.75       37.92611         1.0131
 .10000E+05       1373.50       37.91195         0.9820
 .10000E+05       1374.25       37.88853         0.9317
 .10000E+05       1375.00       37.89887         0.9554
 .10000E+05       1375.75       37.90408         0.9683
 .10000E+05       1376.50       37.89852         0.9573
 .10000E+05       1377.25       37.90457         0.9720
 .10000E+05       1378.00       37.91242         0.9911
 .10000E+05       1378.75       37.89000         0.9425
 .10000E+05       1379.50       37.88940         0.9425
 .10000E+05       1380.25       37.90741         0.9838
 .10000E+05       1381.00       37.91943         1.0128
 .10000E+05       1381.75       37.92805         1.0345
 .10000E+05       1382.50       37.92623         1.0316
 .10000E+05       1383.25       37.92686         1.0345
 .10000E+05       1384.00       37.91542         1.0090
 .10000E+05       1384.75       37.91016         0.9982
 .10000E+05       1385.50       37.90017         0.9768
 .10000E+05       1386.25       37.89275         0.9616
 .10000E+05       1387.00       37.88636         0.9488
 .10000E+05       1387.75       37.85805         0.8902
 .10000E+05       1388.50       37.86567         0.9071
 .10000E+05       1389.25       37.88337         0.9462
 .10000E+05       1390.00       37.89070         0.9636
 .10000E+05       1390.75       37.90575         0.9989
 .10000E+05       1391.50       37.90208         0.9919
 .10000E+05       1392.25       37.88136         0.9470
 .10000E+05       1393.00       37.79348         0.7745
 .10000E+05       1393.75       37.69297         0.6153
 .10000E+05       1394.50       37.76225         0.7228
 .10000E+05       1395.25       37.85452         0.8951
 .10000E+05       1396.00       37.89060         0.9739
 .10000E+05       1396.75       37.90122         0.9994
 .10000E+05       1397.50       37.89954         0.9969
 .10000E+05       1398.25       37.89579         0.9896
 .10000E+05       1399.00       37.90276         1.0070
 .10000E+05       1399.75       37.90159         1.0056
 .10000E+05       1400.50       37.88490         0.9690
 .10000E+05       1401.25       37.87991         0.9593
 .10000E+05       1402.00       37.81926         0.8354
 .10000E+05       1402.75       37.72999         0.6811
 .10000E+05       1403.50       37.79137         0.7855
 .10000E+05       1404.25       37.87589         0.9556
 .10000E+05       1405.00       37.90157         1.0151
 .10000E+05       1405.75       37.90059         1.0142
 .10000E+05       1406.50       37.87486         0.9571
 .10000E+05       1407.25       37.85192         0.9091
 .10000E+05       1408.00       37.85677         0.9205
 .10000E+05       1408.75       37.85425         0.9164
 .10000E+05       1409.50       37.82862         0.8651
 .10000E+05       1410.25       37.85178         0.9137
 .10000E+05       1411.00       37.88894         0.9966
 .10000E+05       1411.75       37.89120         1.0031
 .10000E+05       1412.50       37.89798         1.0203
 .10000E+05       1413.25       37.90935         1.0487
 .10000E+05       1414.00       37.90757         1.0458
 .10000E+05       1414.75       37.88725         0.9993
 .10000E+05       1415.50       37.87328         0.9690
 .10000E+05       1416.25       37.87273         0.9690
 .10000E+05       1417.00       37.86556         0.9544
 .10000E+05       1417.75       37.86547         0.9555
 .10000E+05       1418.50       37.86671         0.9595
 .10000E+05       1419.25       37.87401         0.9770
 .10000E+05       1420.00       37.86096         0.9493
 .10000E+05       1420.75       37.85795         0.9440
 .10000E+05       1421.50       37.87287         0.9783
 .10000E+05       1422.25       37.88607         1.0098
 .10000E+05       1423.00       37.89233         1.0258
 .10000E+05       1423.75       37.89988         1.0451
 .10000E+05       1424.50       37.89976         1.0462
 .10000E+05       1425.25       37.89665         1.0401
 .10000E+05       1426.00       37.88158         1.0059
 .10000E+05       1426.75       37.87826         0.9995
 .10000E+05       1427.50       37.87296         0.9886
 .10000E+05       1428.25       37.86665         0.9756
 .10000E+05       1429.00       37.86382         0.9706
 .10000E+05       1429.75       37.85429         0.9507
 .10000E+05       1430.50       37.84615         0.9342
 .10000E+05       1431.25       37.85382         0.9521
 .10000E+05       1432.00       37.88401         1.0219
 .10000E+05       1432.75       37.89477         1.0489
 .10000E+05       1433.50       37.88823         1.0345
 .10000E+05       1434.25       37.88634         1.0313
 .10000E+05       1435.00       37.88740         1.0351
 .10000E+05       1435.75       37.88985         1.0423
 .10000E+05       1436.50       37.89954         1.0671
 .10000E+05       1437.25       37.90066         1.0712
 .10000E+05       1438.00       37.88423         1.0327
 .10000E+05       1438.75       37.87954         1.0229
 .10000E+05       1439.50       37.87702         1.0182
 .10000E+05       1440.25       37.85954         0.9792
 .10000E+05       1441.00       37.85472         0.9696
 .10000E+05       1441.75       37.86046         0.9837
 .10000E+05       1442.50       37.87690         1.0229
 .10000E+05       1443.25       37.88551         1.0447
 .10000E+05       1444.00       37.89423         1.0671
 .10000E+05       1444.75       37.89056         1.0594
 .10000E+05       1445.50       37.88795         1.0544
 .10000E+05       1446.25       37.86615         1.0040
 .10000E+05       1447.00       37.85805         0.9866
 .10000E+05       1447.75       37.85892         0.9898
 .10000E+05       1448.50       37.85451         0.9809
 .10000E+05       1449.25       37.84695         0.9652
 .10000E+05       1450.00       37.84864         0.9701
 .10000E+05       1450.75       37.86756         1.0145
 .10000E+05       1451.50       37.87432         1.0316
 .10000E+05       1452.25       37.87600         1.0369
 .10000E+05       1453.00       37.86639         1.0154
 .10000E+05       1453.75       37.84591         0.9697
 .10000E+05       1454.50       37.83457         0.9459
 .10000E+05       1455.25       37.82964         0.9363
 .10000E+05       1456.00       37.83191         0.9423
 .10000E+05       1456.75       37.84040         0.9620
 .10000E+05       1457.50       37.86102         1.0100
 .10000E+05       1458.25       37.86418         1.0186
 .10000E+05       1459.00       37.85374         0.9956
 .10000E+05       1459.75       37.83736         0.9598
 .10000E+05       1460.50       37.83408         0.9537
 .10000E+05       1461.25       37.84841         0.9869
 .10000E+05       1462.00       37.86081         1.0167
 .10000E+05       1462.75       37.85309         0.9999
 .10000E+05       1463.50       37.86347         1.0253
 .10000E+05       1464.25       37.85168         0.9991
 .10000E+05       1465.00       37.82728         0.9456
 .10000E+05       1465.75       37.81741         0.9254
 .10000E+05       1466.50       37.82680         0.9467
 .10000E+05       1467.25       37.83367         0.9630
 .10000E+05       1468.00       37.84474         0.9890
 .10000E+05       1468.75       37.84184         0.9836
 .10000E+05       1469.50       37.83722         0.9743
 .10000E+05       1470.25       37.84842         1.0009
 .10000E+05       1471.00       37.85773         1.0238
 .10000E+05       1471.75       37.84012         0.9843
 .10000E+05       1472.50       37.82813         0.9586
 .10000E+05       1473.25       37.82775         0.9589
 .10000E+05       1474.00       37.84866         1.0074
 .10000E+05       1474.75       37.86052         1.0365
 .10000E+05       1475.50       37.85638         1.0279
 .10000E+05       1476.25       37.84156         0.9946
 .10000E+05       1477.00       37.83992         0.9920
 .10000E+05       1477.75       37.83934         0.9918
 .10000E+05       1478.50       37.83193         0.9762
 .10000E+05       1479.25       37.83651         0.9878
 .10000E+05       1480.00       37.82716         0.9679
 .10000E+05       1480.75       37.84105         1.0005
 .10000E+05       1481.50       37.84240         1.0048
 .10000E+05       1482.25       37.84322         1.0079
 .10000E+05       1483.00       37.83298         0.9855
 .10000E+05       1483.75       37.83028         0.9805
 .10000E+05       1484.50       37.82749         0.9753
 .10000E+05       1485.25       37.81868         0.9568
 .10000E+05       1486.00       37.82158         0.9642
 .10000E+05       1486.75       37.83232         0.9895
 .10000E+05       1487.50       37.84109         1.0107
 .10000E+05       1488.25       37.84597         1.0233
 .10000E+05       1489.00       37.83955         1.0093
 .10000E+05       1489.75       37.82989         0.9882
 .10000E+05       1490.50       37.83463         1.0001
 .10000E+05       1491.25       37.83498         1.0019
 .10000E+05       1492.00       37.83193         0.9960
 .10000E+05       1492.75       37.83567         1.0056
 .10000E+05       1493.50       37.83404         1.0029
 .10000E+05       1494.25       37.82933         0.9931
 .10000E+05       1495.00       37.82297         0.9797
 .10000E+05       1495.75       37.82172         0.9779
 .10000E+05       1496.50       37.82006         0.9752
 .10000E+05       1497.25       37.81684         0.9690
 .10000E+05       1498.00       37.82026         0.9777
 .10000E+05       1498.75       37.81430         0.9654
 .10000E+05       1499.50       37.81339         0.9644
 .10000E+05       1500.25       37.80468         0.9463
 .10000E+05       1501.00       37.79612         0.9291
 .10000E+05       1501.75       37.76628         0.8685
 .10000E+05       1502.50       37.77534         0.8880
 .10000E+05       1503.25       37.80049         0.9422
 .10000E+05       1504.00       37.80381         0.9507
 .10000E+05       1504.75       37.80809         0.9615
 .10000E+05       1505.50       37.81018         0.9674
 .10000E+05       1506.25       37.82271         0.9971
 .10000E+05       1507.00       37.82764         1.0100
 .10000E+05       1507.75       37.82450         1.0041
 .10000E+05       1508.50       37.82401         1.0044
 .10000E+05       1509.25       37.82260         1.0026
 .10000E+05       1510.00       37.82482         1.0092
 .10000E+05       1510.75       37.81756         0.9940
 .10000E+05       1511.50       37.80700         0.9716
 .10000E+05       1512.25       37.80529         0.9692
 .10000E+05       1513.00       37.80475         0.9695
 .10000E+05       1513.75       37.80984         0.9824
 .10000E+05       1514.50       37.81478         0.9952
 .10000E+05       1515.25       37.81195         0.9903
 .10000E+05       1516.00       37.80523         0.9766
 .10000E+05       1516.75       37.79797         0.9619
 .10000E+05       1517.50       37.79760         0.9626
 .10000E+05       1518.25       37.80366         0.9777
 .10000E+05       1519.00       37.80047         0.9721
 .10000E+05       1519.75       37.80013         0.9729
 .10000E+05       1520.50       37.80103         0.9765
 .10000E+05       1521.25       37.80792         0.9938
 .10000E+05       1522.00       37.81131         1.0032
 .10000E+05       1522.75       37.81358         1.0101
 .10000E+05       1523.50       37.80445         0.9907
 .10000E+05       1524.25       37.79234         0.9651
 .10000E+05       1525.00       37.76654         0.9110
 .10000E+05       1525.75       37.68916         0.7636
 .10000E+05       1526.50       37.57900         0.5935
 .10000E+05       1527.25       37.66066         0.7175
 .10000E+05       1528.00       37.76320         0.9101
 .10000E+05       1528.75       37.78319         0.9546
 .10000E+05       1529.50       37.78398         0.9580
 .10000E+05       1530.25       37.75667         0.9011
 .10000E+05       1531.00       37.74459         0.8779
 .10000E+05       1531.75       37.72265         0.8361
 .10000E+05       1532.50       37.69821         0.7917
 .10000E+05       1533.25       37.66429         0.7335
 .10000E+05       1534.00       37.65863         0.7253
 .10000E+05       1534.75       37.67479         0.7541
 .10000E+05       1535.50       37.67770         0.7605
 .10000E+05       1536.25       37.66612         0.7418
 .10000E+05       1537.00       37.65583         0.7257
 .10000E+05       1537.75       37.63403         0.6914
 .10000E+05       1538.50       37.62749         0.6823
 .10000E+05       1539.25       37.63491         0.6952
 .10000E+05       1540.00       37.64857         0.7187
 .10000E+05       1540.75       37.64767         0.7185
 .10000E+05       1541.50       37.66029         0.7410
 .10000E+05       1542.25       37.66401         0.7487
 .10000E+05       1543.00       37.66461         0.7510
 .10000E+05       1543.75       37.67287         0.7668
 .10000E+05       1544.50       37.68536         0.7906
 .10000E+05       1545.25       37.69938         0.8180
 .10000E+05       1546.00       37.69958         0.8198
 .10000E+05       1546.75       37.67480         0.7757
 .10000E+05       1547.50       37.59567         0.6476
 .10000E+05       1548.25       37.57268         0.6153
 .10000E+05       1549.00       37.68784         0.8036
 .10000E+05       1549.75       37.70667         0.8407
 .10000E+05       1550.50       37.66330         0.7621
 .10000E+05       1551.25       37.71608         0.8621
 .10000E+05       1552.00       37.80334         1.0558
 .10000E+05       1552.75       37.82702         1.1170
 .10000E+05       1553.50       37.82719         1.1194
 .10000E+05       1554.25       37.82389         1.1128
 .10000E+05       1555.00       37.81970         1.1041
 .10000E+05       1555.75       37.82011         1.1070
 .10000E+05       1556.50       37.81365         1.0926
 .10000E+05       1557.25       37.80579         1.0749
 .10000E+05       1558.00       37.80515         1.0751
 .10000E+05       1558.75       37.79296         1.0472
 .10000E+05       1559.50       37.78123         1.0210
 .10000E+05       1560.25       37.76783         0.9917
 .10000E+05       1561.00       37.75660         0.9680
 .10000E+05       1561.75       37.75915         0.9754
 .10000E+05       1562.50       37.75795         0.9744
 .10000E+05       1563.25       37.75404         0.9673
 .10000E+05       1564.00       37.75093         0.9620
 .10000E+05       1564.75       37.75151         0.9649
 .10000E+05       1565.50       37.75652         0.9777
 .10000E+05       1566.25       37.75400         0.9737
 .10000E+05       1567.00       37.74871         0.9635
 .10000E+05       1567.75       37.74816         0.9638
 .10000E+05       1568.50       37.74239         0.9527
 .10000E+05       1569.25       37.73388         0.9357
 .10000E+05       1570.00       37.74093         0.9526
 .10000E+05       1570.75       37.74317         0.9590
 .10000E+05       1571.50       37.74695         0.9690
 .10000E+05       1572.25       37.74831         0.9735
 .10000E+05       1573.00       37.75160         0.9825
 .10000E+05       1573.75       37.75502         0.9918
 .10000E+05       1574.50       37.75410         0.9913
 .10000E+05       1575.25       37.73865         0.9581
 .10000E+05       1576.00       37.74339         0.9701
 .10000E+05       1576.75       37.74242         0.9694
 .10000E+05       1577.50       37.73950         0.9644
 .10000E+05       1578.25       37.73661         0.9595
 .10000E+05       1579.00       37.73869         0.9655
 .10000E+05       1579.75       37.73589         0.9607
 .10000E+05       1580.50       37.73946         0.9701
 .10000E+05       1581.25       37.74644         0.9872
 .10000E+05       1582.00       37.75452         1.0072
 .10000E+05       1582.75       37.75435         1.0083
 .10000E+05       1583.50       37.74451         0.9872
 .10000E+05       1584.25       37.73296         0.9627
 .10000E+05       1585.00       37.73128         0.9604
 .10000E+05       1585.75       37.73174         0.9628
 .10000E+05       1586.50       37.74580         0.9959
 .10000E+05       1587.25       37.75375         1.0158
 .10000E+05       1588.00       37.75129         1.0116
 .10000E+05       1588.75       37.74761         1.0045
 .10000E+05       1589.50       37.73924         0.9867
 .10000E+05       1590.25       37.74292         0.9966
 .10000E+05       1591.00       37.73304         0.9756
 .10000E+05       1591.75       37.72272         0.9540
 .10000E+05       1592.50       37.72127         0.9522
 .10000E+05       1593.25       37.73204         0.9775
 .10000E+05       1594.00       37.73298         0.9811
 .10000E+05       1594.75       37.73547         0.9881
 .10000E+05       1595.50       37.73020         0.9776
 .10000E+05       1596.25       37.73834         0.9975
 .10000E+05       1597.00       37.73323         0.9872
 .10000E+05       1597.75       37.72684         0.9742
 .10000E+05       1598.50       37.71691         0.9535
 .10000E+05       1599.25       37.72874         0.9812
 .10000E+05       1600.00       37.73112         0.9880
 .10000E+05       1600.75       37.72129         0.9672
 .10000E+05       1601.50       37.03366         0.1988
 .10000E+05       1602.25       37.03334         0.1990
 .10000E+05       1603.00       37.03302         0.1991
 .10000E+05       1603.75       37.03270         0.1992
 .10000E+05       1604.50       37.03238         0.1993
 .10000E+05       1605.25       37.03206         0.1995
 .10000E+05       1606.00       37.03174         0.1996
 .10000E+05       1606.75       37.03141         0.1997
 .10000E+05       1607.50       37.03109         0.1998
 .10000E+05       1608.25       37.03077         0.1999
 .10000E+05       1609.00       37.03045         0.2001
 .10000E+05       1609.75       37.03012         0.2002
 .10000E+05       1610.50       37.02980         0.2003
 .10000E+05       1611.25       37.02947         0.2004
 .10000E+05       1612.00       37.02915         0.2005
 .10000E+05       1612.75       37.02882         0.2006
 .10000E+05       1613.50       37.02850         0.2007
 .10000E+05       1614.25       37.02818         0.2008
 .10000E+05       1615.00       37.02785         0.2009
 .10000E+05       1615.75       37.02753         0.2010
 .10000E+05       1616.50       37.02720         0.2011
 .10000E+05       1617.25       37.02687         0.2012
 .10000E+05       1618.00       37.02655         0.2013
 .10000E+05       1618.75       37.02622         0.2014
 .10000E+05       1619.50       37.02589         0.2015
 .10000E+05       1620.25       37.02557         0.2016
 .10000E+05       1621.00       37.02524         0.2017
 .10000E+05       1621.75       37.02492         0.2018
 .10000E+05       1622.50       37.02459         0.2019
 .10000E+05       1623.25       37.02426         0.2020
 .10000E+05       1624.00       37.02393         0.2020
 .10000E+05       1624.75       37.02361         0.2021
 .10000E+05       1625.50       37.02328         0.2022
 .10000E+05       1626.25       37.02295         0.2023
 .10000E+05       1627.00       37.02262         0.2024
 .10000E+05       1627.75       37.02229         0.2024
 .10000E+05       1628.50       37.02196         0.2025
 .10000E+05       1629.25       37.02163         0.2026
 .10000E+05       1630.00       37.02130         0.2026
 .10000E+05       1630.75       37.02097         0.2027
 .10000E+05       1631.50       37.02064         0.2027
 .10000E+05       1632.25       37.02031         0.2028
 .10000E+05       1633.00       37.01998         0.2029
 .10000E+05       1633.75       37.01965         0.2029
 .10000E+05       1634.50       37.01931         0.2029
 .10000E+05       1635.25       37.01898         0.2030
 .10000E+05       1636.00       37.01865         0.2030
 .10000E+05       1636.75       37.01832         0.2031
 .10000E+05       1637.50       37.01799         0.2031
 .10000E+05       1638.25       37.01765         0.2031
 .10000E+05       1639.00       37.01732         0.2032
 .10000E+05       1639.75       37.01699         0.2032
 .10000E+05       1640.50       37.01665         0.2032
 .10000E+05       1641.25       37.01632         0.2033
 .10000E+05       1642.00       37.01598         0.2033
 .10000E+05       1642.75       37.01565         0.2033
 .10000E+05       1643.50       37.01532         0.2033
 .10000E+05       1644.25       37.01498         0.2034
 .10000E+05       1645.00       37.01465         0.2034
 .10000E+05       1645.75       37.01431         0.2034
 .10000E+05       1646.50       37.01398         0.2034
 .10000E+05       1647.25       37.01364         0.2034
 .10000E+05       1648.00       37.01331         0.2035
 .10000E+05       1648.75       37.01297         0.2035
 .10000E+05       1649.50       37.01263         0.2035
 .10000E+05       1650.25       37.01229         0.2035
 .10000E+05       1651.00       37.01196         0.2035
 .10000E+05       1651.75       37.01162         0.2035
 .10000E+05       1652.50       37.01128         0.2035
 .10000E+05       1653.25       37.01094         0.2036
 .10000E+05       1654.00       37.01060         0.2036
 .10000E+05       1654.75       37.01027         0.2036
 .10000E+05       1655.50       37.00993         0.2036
 .10000E+05       1656.25       37.00959         0.2036
 .10000E+05       1657.00       37.00925         0.2036
 .10000E+05       1657.75       37.00891         0.2036
 .10000E+05       1658.50       37.00857         0.2036
 .10000E+05       1659.25       37.00823         0.2036
 .10000E+05       1660.00       37.00789         0.2037
 .10000E+05       1660.75       37.00755         0.2037
 .10000E+05       1661.50       37.00721         0.2037
 .10000E+05       1662.25       37.00687         0.2037
 .10000E+05       1663.00       37.00653         0.2037
 .10000E+05       1663.75       37.00618         0.2037
 .10000E+05       1664.50       37.00584         0.2037
 .10000E+05       1665.25       37.00550         0.2038
 .10000E+05       1666.00       37.00516         0.2038
 .10000E+05       1666.75       37.00481         0.2038
 .10000E+05       1667.50       37.00447         0.2038
 .10000E+05       1668.25       37.00413         0.2038
 .10000E+05       1669.00       37.00378         0.2039
 .10000E+05       1669.75       37.00344         0.2039
 .10000E+05       1670.50       37.00310         0.2039
 .10000E+05       1671.25       37.00275         0.2039
 .10000E+05       1672.00       37.00241         0.2040
 .10000E+05       1672.75       37.00206         0.2040
 .10000E+05       1673.50       37.00172         0.2040
 .10000E+05       1674.25       37.00137         0.2041
 .10000E+05       1675.00       37.00103         0.2041
 .10000E+05       1675.75       37.00068         0.2042
 .10000E+05       1676.50       37.00034         0.2042
 .10000E+05       1677.25       36.99999         0.2043
 .10000E+05       1678.00       36.99964         0.2043
 .10000E+05       1678.75       36.99929         0.2044
 .10000E+05       1679.50       36.99895         0.2044
 .10000E+05       1680.25       36.99860         0.2045
 .10000E+05       1681.00       36.99825         0.2045
 .10000E+05       1681.75       36.99790         0.2046
 .10000E+05       1682.50       36.99755         0.2046
 .10000E+05       1683.25       36.99721         0.2047
 .10000E+05       1684.00       36.99686         0.2048
 .10000E+05       1684.75       36.99651         0.2048
 .10000E+05       1685.50       36.99616         0.2049
 .10000E+05       1686.25       36.99581         0.2050
 .10000E+05       1687.00       36.99546         0.2050
 .10000E+05       1687.75       36.99511         0.2051
 .10000E+05       1688.50       36.99476         0.2052
 .10000E+05       1689.25       36.99441         0.2052
 .10000E+05       1690.00       36.99406         0.2053
 .10000E+05       1690.75       36.99370         0.2054
 .10000E+05       1691.50       36.99335         0.2054
 .10000E+05       1692.25       36.99300         0.2055
 .10000E+05       1693.00       36.99265         0.2056
 .10000E+05       1693.75       36.99229         0.2056
 .10000E+05       1694.50       36.99194         0.2057
 .10000E+05       1695.25       36.99158         0.2058
 .10000E+05       1696.00       36.99123         0.2059
 .10000E+05       1696.75       36.99088         0.2059
 .10000E+05       1697.50       36.99052         0.2060
 .10000E+05       1698.25       36.99017         0.2061
 .10000E+05       1699.00       36.98981         0.2062
 .10000E+05       1699.75       36.98946         0.2062
 .10000E+05       1700.50       36.98911         0.2063
 .10000E+05       1701.25       36.98875         0.2064
 .10000E+05       1702.00       36.98840         0.2065
 .10000E+05       1702.75       36.98804         0.2065
 .10000E+05       1703.50       36.98768         0.2066
 .10000E+05       1704.25       36.98732         0.2067
 .10000E+05       1705.00       36.98697         0.2068
 .10000E+05       1705.75       36.98661         0.2069
 .10000E+05       1706.50       36.98625         0.2069
 .10000E+05       1707.25       36.98589         0.2070
 .10000E+05       1708.00       36.98553         0.2071
 .10000E+05       1708.75       36.98518         0.2072
 .10000E+05       1709.50       36.98482         0.2073
 .10000E+05       1710.25       36.98446         0.2073
 .10000E+05       1711.00       36.98410         0.2074
 .10000E+05       1711.75       36.98374         0.2075
 .10000E+05       1712.50       36.98338         0.2076
 .10000E+05       1713.25       36.98302         0.2077
 .10000E+05       1714.00       36.98266         0.2077
 .10000E+05       1714.75       36.98230         0.2078
 .10000E+05       1715.50       36.98193         0.2079
 .10000E+05       1716.25       36.98158         0.2080
 .10000E+05       1717.00       36.98121         0.2081
 .10000E+05       1717.75       36.98085         0.2081
 .10000E+05       1718.50       36.98049         0.2082
 .10000E+05       1719.25       36.98013         0.2083
 .10000E+05       1720.00       36.97976         0.2084
 .10000E+05       1720.75       36.97940         0.2085
 .10000E+05       1721.50       36.97903         0.2085
 .10000E+05       1722.25       36.97867         0.2086
 .10000E+05       1723.00       36.97831         0.2087
 .10000E+05       1723.75       36.97794         0.2088
 .10000E+05       1724.50       36.97758         0.2089
 .10000E+05       1725.25       36.97721         0.2089
 .10000E+05       1726.00       36.97684         0.2090
 .10000E+05       1726.75       36.97648         0.2091
 .10000E+05       1727.50       36.97611         0.2092
 .10000E+05       1728.25       36.97575         0.2093
 .10000E+05       1729.00       36.97538         0.2093
 .10000E+05       1729.75       36.97501         0.2094
 .10000E+05       1730.50       36.97465         0.2095
 .10000E+05       1731.25       36.97428         0.2096
 .10000E+05       1732.00       36.97391         0.2096
 .10000E+05       1732.75       36.97354         0.2097
 .10000E+05       1733.50       36.97318         0.2098
 .10000E+05       1734.25       36.97281         0.2099
 .10000E+05       1735.00       36.97243         0.2099
 .10000E+05       1735.75       36.97207         0.2100
 .10000E+05       1736.50       36.97169         0.2101
 .10000E+05       1737.25       36.97133         0.2102
 .10000E+05       1738.00       36.97095         0.2102
 .10000E+05       1738.75       36.97058         0.2103
 .10000E+05       1739.50       36.97021         0.2104
 .10000E+05       1740.25       36.96984         0.2104
 .10000E+05       1741.00       36.96947         0.2105
 .10000E+05       1741.75       36.96910         0.2106
 .10000E+05       1742.50       36.96873         0.2106
 .10000E+05       1743.25       36.96835         0.2107
 .10000E+05       1744.00       36.96798         0.2108
 .10000E+05       1744.75       36.96761         0.2108
 .10000E+05       1745.50       36.96723         0.2109
 .10000E+05       1746.25       36.96686         0.2110
 .10000E+05       1747.00       36.96648         0.2111
 .10000E+05       1747.75       36.96611         0.2111
 .10000E+05       1748.50       36.96574         0.2112
 .10000E+05       1749.25       36.96536         0.2113
 .10000E+05       1750.00       36.96498         0.2113
 .10000E+05       1750.75       36.96461         0.2114
 .10000E+05       1751.50       36.96423         0.2115
 .10000E+05       1752.25       36.96386         0.2116
 .10000E+05       1753.00       36.96348         0.2116
 .10000E+05       1753.75       36.96310         0.2117
 .10000E+05       1754.50       36.96272         0.2118
 .10000E+05       1755.25       36.96235         0.2118
 .10000E+05       1756.00       36.96197         0.2119
 .10000E+05       1756.75       36.96159         0.2120
 .10000E+05       1757.50       36.96121         0.2120
 .10000E+05       1758.25       36.96083         0.2121
 .10000E+05       1759.00       36.96045         0.2122
 .10000E+05       1759.75       36.96007         0.2123
 .10000E+05       1760.50       36.95969         0.2123
 .10000E+05       1761.25       36.95931         0.2124
 .10000E+05       1762.00       36.95893         0.2125
 .10000E+05       1762.75       36.95855         0.2125
 .10000E+05       1763.50       36.95817         0.2126
 .10000E+05       1764.25       36.95779         0.2127
 .10000E+05       1765.00       36.95741         0.2127
 .10000E+05       1765.75       36.95702         0.2128
 .10000E+05       1766.50       36.95663         0.2129
 .10000E+05       1767.25       36.95625         0.2129
 .10000E+05       1768.00       36.95587         0.2130
 .10000E+05       1768.75       36.95549         0.2131
 .10000E+05       1769.50       36.95510         0.2132
 .10000E+05       1770.25       36.95472         0.2132
 .10000E+05       1771.00       36.95433         0.2133
 .10000E+05       1771.75       36.95395         0.2134
 .10000E+05       1772.50       36.95356         0.2134
 .10000E+05       1773.25       36.95317         0.2135
 .10000E+05       1774.00       36.95279         0.2135
 .10000E+05       1774.75       36.95240         0.2136
 .10000E+05       1775.50       36.95201         0.2137
 .10000E+05       1776.25       36.95163         0.2137
 .10000E+05       1777.00       36.95124         0.2138
 .10000E+05       1777.75       36.95085         0.2139
 .10000E+05       1778.50       36.95046         0.2139
 .10000E+05       1779.25       36.95007         0.2140
 .10000E+05       1780.00       36.94968         0.2141
 .10000E+05       1780.75       36.94930         0.2141
 .10000E+05       1781.50       36.94891         0.2142
 .10000E+05       1782.25       36.94852         0.2142
 .10000E+05       1783.00       36.94813         0.2143
 .10000E+05       1783.75       36.94773         0.2144
 .10000E+05       1784.50       36.94734         0.2144
 .10000E+05       1785.25       36.94695         0.2145
 .10000E+05       1786.00       36.94656         0.2145
 .10000E+05       1786.75       36.94617         0.2146
 .10000E+05       1787.50       36.94578         0.2146
 .10000E+05       1788.25       36.94538         0.2147
 .10000E+05       1789.00       36.94499         0.2147
 .10000E+05       1789.75       36.94460         0.2148
 .10000E+05       1790.50       36.94420         0.2148
 .10000E+05       1791.25       36.94381         0.2149
 .10000E+05       1792.00       36.94341         0.2149
 .10000E+05       1792.75       36.94302         0.2150
 .10000E+05       1793.50       36.94262         0.2150
 .10000E+05       1794.25       36.94223         0.2151
 .10000E+05       1795.00       36.94183         0.2151
 .10000E+05       1795.75       36.94143         0.2151
 .10000E+05       1796.50       36.94104         0.2152
 .10000E+05       1797.25       36.94064         0.2152
 .10000E+05       1798.00       36.94024         0.2153
 .10000E+05       1798.75       36.93984         0.2153
 .10000E+05       1799.50       36.93945         0.2153
 .10000E+05       1800.25       36.93910         0.2154
 .10000E+05       1801.00       36.93887         0.2155
 .10000E+05       1801.75       36.93864         0.2156
 .10000E+05       1802.50       36.93842         0.2157
 .10000E+05       1803.25       36.93819         0.2158
 .10000E+05       1804.00       36.93796         0.2159
 .10000E+05       1804.75       36.93773         0.2160
 .10000E+05       1805.50       36.93750         0.2161
 .10000E+05       1806.25       36.93727         0.2162
 .10000E+05       1807.00       36.93704         0.2163
 .10000E+05       1807.75       36.93681         0.2164
 .10000E+05       1808.50       36.93658         0.2166
 .10000E+05       1809.25       36.93635         0.2167
 .10000E+05       1810.00       36.93612         0.2168
 .10000E+05       1810.75       36.93589         0.2169
 .10000E+05       1811.50       36.93566         0.2170
 .10000E+05       1812.25       36.93543         0.2171
 .10000E+05       1813.00       36.93520         0.2172
 .10000E+05       1813.75       36.93497         0.2173
 .10000E+05       1814.50       36.93474         0.2174
 .10000E+05       1815.25       36.93451         0.2175
 .10000E+05       1816.00       36.93428         0.2177
 .10000E+05       1816.75       36.93404         0.2178
 .10000E+05       1817.50       36.93382         0.2179
 .10000E+05       1818.25       36.93358         0.2180
 .10000E+05       1819.00       36.93335         0.2181
 .10000E+05       1819.75       36.93312         0.2182
 .10000E+05       1820.50       36.93289         0.2184
 .10000E+05       1821.25       36.93266         0.2185
 .10000E+05       1822.00       36.93243         0.2186
 .10000E+05       1822.75       36.93219         0.2187
 .10000E+05       1823.50       36.93196         0.2189
 .10000E+05       1824.25       36.93172         0.2190
 .10000E+05       1825.00       36.93150         0.2191
 .10000E+05       1825.75       36.93126         0.2193
 .10000E+05       1826.50       36.93103         0.2194
 .10000E+05       1827.25       36.93079         0.2195
 .10000E+05       1828.00       36.93056         0.2197
 .10000E+05       1828.75       36.93033         0.2198
 .10000E+05       1829.50       36.93010         0.2199
 .10000E+05       1830.25       36.92986         0.2201
 .10000E+05       1831.00       36.92963         0.2202
 .10000E+05       1831.75       36.92940         0.2204
 .10000E+05       1832.50       36.92916         0.2205
 .10000E+05       1833.25       36.92893         0.2206
 .10000E+05       1834.00       36.92870         0.2208
 .10000E+05       1834.75       36.92846         0.2209
 .10000E+05       1835.50       36.92823         0.2211
 .10000E+05       1836.25       36.92799         0.2212
 .10000E+05       1837.00       36.92776         0.2214
 .10000E+05       1837.75       36.92752         0.2215
 .10000E+05       1838.50       36.92729         0.2217
 .10000E+05       1839.25       36.92706         0.2218
 .10000E+05       1840.00       36.92682         0.2220
 .10000E+05       1840.75       36.92658         0.2221
 .10000E+05       1841.50       36.92635         0.2223
 .10000E+05       1842.25       36.92611         0.2224
 .10000E+05       1843.00       36.92588         0.2226
 .10000E+05       1843.75       36.92564         0.2227
 .10000E+05       1844.50       36.92541         0.2229
 .10000E+05       1845.25       36.92517         0.2230
 .10000E+05       1846.00       36.92493         0.2232
 .10000E+05       1846.75       36.92470         0.2234
 .10000E+05       1847.50       36.92446         0.2235
 .10000E+05       1848.25       36.92422         0.2237
 .10000E+05       1849.00       36.92399         0.2238
 .10000E+05       1849.75       36.92375         0.2240
