       3000. 3200. 3400. 3600. 3800. 4000. 4500. 5000.
       0. 0.5 1.0 1.5 2.0
       3.00  2.43  1.95  1.56  1.25 
       5.07  4.41  3.80  3.22  2.69 
       6.12  5.46  4.84  4.23  3.65 
       7.50  6.85  6.25  5.65  5.07 
       8.37  7.77  7.19  6.64  6.09 
       3.00  2.42  1.91  1.51  1.22 
       5.08  4.43  3.79  3.19  2.67 
       6.14  5.50  4.86  4.22  3.64 
       7.49  6.90  6.29  5.66  5.09 
       8.31  7.76  7.21  6.64  6.08 
       2.83  2.28  1.81  1.44  1.15 
       4.87  4.27  3.66  3.10  2.57 
       5.89  5.32  4.72  4.13  3.54 
       7.24  6.69  6.14  5.59  4.98 
       8.12  7.55  7.04  6.52  5.96 
       2.58  2.07  1.65  1.30  1.05 
       4.58  4.00  3.43  2.89  2.40 
       5.58  5.02  4.45  3.89  3.34 
       6.90  6.33  5.84  5.28  4.75 
       7.87  7.34  6.80  6.29  5.75 
       2.19  1.78  1.44  1.16  0.94 
       4.16  3.62  3.12  2.64  2.16 
       5.16  4.63  4.11  3.60  3.05 
       6.45  5.91  5.42  4.93  4.44 
       7.44  6.90  6.44  5.95  5.48 
       1.81  1.50  1.23  1.00  0.84 
       3.76  3.25  2.77  2.30  1.90 
       4.79  4.26  3.74  3.21  2.73 
       6.10  5.55  5.04  4.53  4.05 
       7.06  6.49  6.03  5.52  5.09 
       0.50  0.47  0.44  0.41  0.34 
       1.71  1.54  1.37  1.20  0.88 
       2.73  2.47  2.21  1.95  1.44 
       4.39  4.04  3.69  3.34  2.59 
       5.47  5.10  4.72  4.35  3.58 
       0.00  0.00  0.00  0.23  0.22 
       0.00  0.00  0.00  0.47  0.43 
       0.00  0.00  0.00  0.85  0.74 
       0.00  0.00  0.00  1.85  1.53 
       0.00  0.00  0.00  3.02  2.56 
       3.69  2.91  2.28  1.80  1.45 
       6.64  5.69  4.78  3.97  3.26 
       8.14  7.21  6.27  5.38  4.54 
      10.03  9.14  8.28  7.42  6.55 
      11.14 10.36  9.56  8.77  8.00 
       3.65  2.86  2.21  1.72  1.38 
       6.64  5.69  4.74  3.90  3.19 
       8.13  7.22  6.27  5.33  4.48 
      10.00  9.18  8.32  7.41  6.53 
      11.11 10.38  9.58  8.78  7.97 
       3.40  2.66  2.06  1.61  1.28 
       6.34  5.44  4.55  3.74  3.02 
       7.81  6.96  6.05  5.17  4.31 
       9.63  8.90  8.07  7.26  6.39 
      10.84 10.15  9.37  8.66  7.81 
       3.05  2.37  1.84  1.43  1.15 
       5.94  5.05  4.22  3.43  2.78 
       7.40  6.55  5.69  4.82  4.02 
       9.18  8.46  7.70  6.90  6.06 
      10.39  9.69  9.03  8.28  7.51 
       2.53  2.01  1.58  1.26  1.01 
       5.32  4.51  3.75  3.06  2.45 
       6.80  5.98  5.18  4.38  3.62 
       8.58  7.84  7.15  6.40  5.62 
       9.78  9.10  8.46  7.80  7.11 
       2.04  1.66  1.34  1.07  0.89 
       4.69  3.95  3.27  2.62  2.12 
       6.20  5.39  4.61  3.83  3.17 
       8.05  7.28  6.54  5.77  5.05 
       9.28  8.54  7.85  7.15  6.49 
       0.56  0.53  0.50  0.46  0.39 
       1.94  1.74  1.54  1.33  0.97 
       3.28  2.93  2.59  2.24  1.61 
       5.69  5.15  4.61  4.07  3.00 
       7.19  6.64  6.09  5.53  4.41 
       0.00  0.00  0.00  0.26  0.26 
       0.00  0.00  0.00  0.54  0.50 
       0.00  0.00  0.00  0.96  0.84 
       0.00  0.00  0.00  2.07  1.68 
       0.00  0.00  0.00  3.71  3.04 
       4.19  3.27  2.54  2.00  1.61 
       7.79  6.63  5.54  4.55  3.71 
       9.57  8.47  7.35  6.26  5.24 
      11.70 10.76  9.78  8.84  7.76 
      12.95 12.10 11.27 10.45  9.59 
       4.10  3.18  2.43  1.89  1.51 
       7.78  6.61  5.45  4.42  3.58 
       9.57  8.48  7.30  6.17  5.13 
      11.65 10.78  9.78  8.80  7.71 
      12.84 12.11 11.32 10.45  9.55 
       3.77  2.91  2.23  1.74  1.38 
       7.41  6.29  5.18  4.21  3.36 
       9.18  8.16  7.04  5.94  4.88 
      11.19 10.43  9.56  8.60  7.47 
      12.37 11.72 10.97 10.21  9.29 
       3.34  2.56  1.97  1.53  1.22 
       6.90  5.78  4.75  3.81  3.04 
       8.68  7.63  6.56  5.47  4.51 
      10.66  9.89  9.05  8.06  7.04 
      11.73 11.13 10.45  9.70  8.88 
       2.73  2.14  1.68  1.32  1.05 
       6.11  5.11  4.18  3.35  2.65 
       7.95  6.93  5.91  4.92  4.01 
      10.06  9.21  8.40  7.44  6.43 
      11.18 10.44  9.78  9.07  8.28 
       2.16  1.74  1.41  1.12  0.93 
       5.32  4.41  3.58  2.83  2.26 
       7.21  6.18  5.19  4.23  3.46 
       9.47  8.56  7.63  6.62  5.72 
      10.69  9.87  9.09  8.26  7.54 
       0.60  0.57  0.54  0.51  0.43 
       2.11  1.88  1.65  1.43  1.05 
       3.63  3.23  2.83  2.43  1.73 
       6.62  5.93  5.23  4.54  3.24 
       8.44  7.75  7.06  6.36  4.98 
       0.00  0.00  0.00  0.29  0.29 
       0.00  0.00  0.00  0.61  0.57 
       0.00  0.00  0.00  1.06  0.92 
       0.00  0.00  0.00  2.24  1.80 
       0.00  0.00  0.00  4.20  3.35 
       4.54  3.52  2.74  2.16  1.74 
       8.68  7.36  6.11  4.99  4.08 
      10.66  9.43  8.16  6.90  5.78 
      12.86 11.91 10.90  9.77  8.58 
      13.97 13.23 12.42 11.54 10.60 
       4.41  3.40  2.59  2.01  1.61 
       8.64  7.30  5.98  4.83  3.90 
      10.65  9.42  8.08  6.77  5.61 
      12.78 11.94 10.90  9.72  8.48 
      13.79 13.17 12.40 11.50 10.49 
       4.02  3.08  2.35  1.84  1.46 
       8.19  6.91  5.64  4.55  3.63 
      10.21  9.04  7.74  6.48  5.32 
      12.33 11.55 10.59  9.47  8.19 
      13.30 12.74 12.03 11.20 10.19 
       3.53  2.68  2.06  1.59  1.27 
       7.60  6.32  5.14  4.09  3.25 
       9.66  8.43  7.18  5.95  4.86 
      11.79 10.97 10.05  8.92  7.67 
      12.72 12.13 11.45 10.65  9.69 
       2.85  2.22  1.75  1.37  1.09 
       6.67  5.52  4.47  3.55  2.80 
       8.79  7.59  6.40  5.27  4.28 
      11.15 10.25  9.30  8.18  6.99 
      12.19 11.47 10.76  9.95  9.01 
       2.25  1.81  1.46  1.16  0.97 
       5.76  4.72  3.78  2.96  2.36 
       7.93  6.72  5.57  4.50  3.65 
      10.56  9.49  8.44  7.25  6.17 
      11.71 10.83 10.00  9.07  8.19 
       0.64  0.61  0.58  0.54  0.46 
       2.22  1.98  1.75  1.51  1.11 
       3.88  3.44  3.00  2.56  1.82 
       7.27  6.46  5.65  4.84  3.39 
       9.39  8.59  7.80  7.00  5.39 
       0.00  0.00  0.00  0.32  0.31 
       0.00  0.00  0.00  0.67  0.63 
       0.00  0.00  0.00  1.14  1.00 
       0.00  0.00  0.00  2.34  1.88 
       0.00  0.00  0.00  4.57  3.63 
       4.79  3.72  2.89  2.29  1.85 
       9.31  7.88  6.53  5.34  4.38 
      11.45 10.12  8.74  7.40  6.21 
      13.65 12.73 11.70 10.50  9.23 
      14.52 13.89 13.17 12.31 11.37 
       4.64  3.55  2.71  2.11  1.70 
       9.26  7.80  6.38  5.14  4.17 
      11.43 10.12  8.65  7.23  6.01 
      13.60 12.80 11.71 10.44  9.09 
      14.34 13.86 13.17 12.28 11.26 
       4.19  3.20  2.44  1.90  1.52 
       8.78  7.35  5.99  4.82  3.85 
      11.00  9.68  8.26  6.91  5.66 
      13.17 12.39 11.38 10.17  8.76 
      13.84 13.38 12.79 12.01 10.92 
       3.65  2.77  2.12  1.64  1.31 
       8.11  6.70  5.41  4.30  3.42 
      10.39  9.04  7.63  6.31  5.15 
      12.68 11.83 10.79  9.55  8.18 
      13.32 12.82 12.23 11.41 10.40 
       2.94  2.29  1.79  1.40  1.13 
       7.09  5.80  4.68  3.70  2.91 
       9.44  8.07  6.77  5.56  4.49 
      12.06 11.09  9.99  8.74  7.44 
      12.93 12.23 11.56 10.68  9.69 
       2.33  1.87  1.49  1.19  0.99 
       6.10  4.94  3.93  3.07  2.45 
       8.48  7.13  5.86  4.71  3.82 
      11.44 10.32  9.04  7.73  6.50 
      12.54 11.67 10.77  9.78  8.78 
       0.68  0.64  0.60  0.56  0.48 
       2.29  2.05  1.81  1.57  1.17 
       4.06  3.60  3.14  2.68  1.91 
       7.75  6.86  5.97  5.08  3.53 
      10.16  9.27  8.39  7.50  5.72 
       0.00  0.00  0.00  0.33  0.32 
       0.00  0.00  0.00  0.72  0.68 
       0.00  0.00  0.00  1.20  1.06 
       0.00  0.00  0.00  2.39  1.96 
       0.00  0.00  0.00  4.85  3.86 
       4.99  3.87  3.02  2.40  1.95 
       9.80  8.28  6.87  5.63  4.65 
      12.01 10.63  9.19  7.79  6.58 
      14.12 13.30 12.28 11.05  9.74 
      14.65 14.20 13.62 12.83 11.91 
       4.81  3.69  2.81  2.19  1.77 
       9.74  8.19  6.68  5.40  4.40 
      12.01 10.63  9.08  7.60  6.34 
      14.10 13.38 12.30 10.98  9.56 
      14.41 14.16 13.61 12.78 11.77 
       4.32  3.30  2.52  1.97  1.57 
       9.24  7.70  6.25  5.04  4.04 
      11.58 10.18  8.66  7.24  5.95 
      13.73 13.01 11.97 10.68  9.18 
      13.95 13.72 13.24 12.50 11.41 
       3.76  2.84  2.18  1.68  1.35 
       8.53  6.99  5.64  4.46  3.56 
      10.96  9.47  8.00  6.57  5.38 
      13.32 12.49 11.41 10.01  8.60 
      13.51 13.21 12.71 11.89 10.90 
       3.02  2.35  1.83  1.44  1.16 
       7.44  6.06  4.85  3.82  3.02 
       9.97  8.49  7.08  5.79  4.66 
      12.79 11.75 10.55  9.20  7.72 
      13.32 12.70 12.06 11.20 10.13 
       2.37  1.90  1.52  1.22  1.02 
       6.37  5.14  4.08  3.17  2.52 
       8.93  7.48  6.13  4.89  3.93 
      12.19 10.96  9.54  8.07  6.71 
      13.04 12.19 11.32 10.27  9.20 
       0.70  0.66  0.62  0.59  0.50 
       2.36  2.12  1.88  1.64  1.22 
       4.19  3.72  3.25  2.78  1.98 
       8.09  7.15  6.21  5.27  3.65 
      10.71  9.78  8.85  7.92  5.99 
       0.00  0.00  0.00  0.35  0.34 
       0.00  0.00  0.00  0.76  0.73 
       0.00  0.00  0.00  1.25  1.12 
       0.00  0.00  0.00  2.48  2.03 
       0.00  0.00  0.00  5.08  3.99
       7.66  7.04  6.44  5.84  5.26 
       9.03  8.47  7.92  7.40  6.92 
       9.66  9.14  8.61  8.13  7.70 
      10.44  9.97  9.47  9.05  8.68 
      10.96 10.53 10.05  9.68  9.35 
       7.61  7.07  6.51  5.91  5.31 
       8.89  8.42  7.94  7.43  6.89 
       9.47  9.03  8.59  8.13  7.62 
      10.18  9.78  9.39  8.98  8.54 
      10.66 10.29  9.93  9.55  9.15 
       7.41  6.90  6.38  5.85  5.26 
       8.61  8.12  7.69  7.26  6.76 
       9.15  8.67  8.28  7.88  7.44 
       9.79  9.32  8.97  8.64  8.26 
      10.23  9.75  9.43  9.14  8.81 
       7.19  6.68  6.16  5.64  5.12 
       8.36  7.90  7.41  6.96  6.54 
       8.88  8.45  7.96  7.54  7.16 
       9.52  9.12  8.62  8.23  7.92 
       9.95  9.57  9.06  8.68  8.41 
       7.04  6.48  5.97  5.45  4.91 
       8.36  7.79  7.29  6.81  6.32 
       8.96  8.37  7.88  7.42  6.94 
       9.68  9.09  8.60  8.15  7.70 
      10.17  9.57  9.09  8.64  8.19 
       6.82  6.25  5.72  5.18  4.66 
       8.31  7.70  7.19  6.62  6.14 
       8.98  8.35  7.85  7.25  6.80 
       9.78  9.14  8.65  8.00  7.60 
      10.32  9.66  9.20  8.49  8.14 
       4.66  4.35  4.04  3.73  3.11 
       7.15  6.80  6.45  6.10  5.36 
       8.08  7.73  7.38  7.03  6.28 
       9.10  8.76  8.42  8.08  7.35 
       9.70  9.37  9.04  8.71  8.02 
       0.00  0.00  0.00  0.95  0.89 
       0.00  0.00  0.00  3.53  3.24 
       0.00  0.00  0.00  5.04  4.62 
       0.00  0.00  0.00  6.60  6.07 
       0.00  0.00  0.00  7.42  6.88 
      11.35 10.37  9.39  8.40  7.43 
      13.50 12.62 11.76 10.90 10.11 
      14.47 13.65 12.84 12.06 11.36 
      15.62 14.91 14.16 13.50 12.91 
      16.34 15.70 15.02 14.45 13.95 
      11.30 10.43  9.51  8.52  7.53 
      13.29 12.54 11.79 10.96 10.09 
      14.16 13.49 12.80 12.06 11.26 
      15.19 14.61 14.03 13.40 12.70 
      15.82 15.31 14.80 14.25 13.64 
      11.01 10.18  9.33  8.45  7.46 
      12.85 12.11 11.42 10.72  9.91 
      13.64 12.94 12.33 11.71 10.99 
      14.56 13.90 13.39 12.89 12.28 
      15.11 14.47 14.03 13.62 13.11 
      10.65  9.84  9.00  8.14  7.25 
      12.44 11.74 10.99 10.28  9.58 
      13.22 12.57 11.83 11.19 10.58 
      14.11 13.54 12.82 12.25 11.75 
      14.65 14.14 13.42 12.89 12.49 
      10.36  9.48  8.65  7.81  6.91 
      12.38 11.51 10.75 10.00  9.23 
      13.27 12.40 11.66 10.95 10.22 
      14.31 13.45 12.73 12.07 11.38 
      14.95 14.09 13.41 12.77 12.11 
       9.93  9.03  8.18  7.31  6.46 
      12.25 11.32 10.52  9.66  8.90 
      13.25 12.31 11.53 10.66  9.94 
      14.42 13.48 12.74 11.81 11.17 
      15.14 14.20 13.52 12.52 11.97 
       6.16  5.70  5.24  4.78  3.88 
      10.29  9.73  9.16  8.60  7.43 
      11.82 11.25 10.68 10.11  8.93 
      13.39 12.85 12.31 11.77 10.62 
      14.26 13.75 13.24 12.73 11.66 
       0.00  0.00  0.00  1.03  0.95 
       0.00  0.00  0.00  4.55  4.13 
       0.00  0.00  0.00  6.85  6.22 
       0.00  0.00  0.00  9.40  8.58 
       0.00  0.00  0.00 10.67  9.83 
      14.22 13.00 11.76 10.46  9.16 
      16.70 15.68 14.66 13.63 12.64 
      17.79 16.86 15.93 15.03 14.19 
      19.09 18.28 17.44 16.69 16.04 
      19.91 19.19 18.41 17.77 17.23 
      14.18 13.11 11.93 10.61  9.29 
      16.43 15.59 14.72 13.72 12.65 
      17.39 16.65 15.90 15.04 14.09 
      18.52 17.88 17.26 16.57 15.77 
      19.23 18.66 18.11 17.52 16.83 
      13.83 12.82 11.72 10.55  9.21 
      15.89 15.08 14.28 13.45 12.44 
      16.74 15.98 15.31 14.62 13.77 
      17.72 17.00 16.46 15.93 15.26 
      18.33 17.61 17.14 16.71 16.16 
      13.40 12.39 11.33 10.17  8.95 
      15.41 14.62 13.76 12.92 12.05 
      16.22 15.51 14.71 13.98 13.28 
      17.16 16.53 15.74 15.13 14.60 
      17.74 17.17 16.37 15.80 15.38 
      13.03 11.93 10.86  9.73  8.50 
      15.37 14.36 13.46 12.56 11.61 
      16.32 15.33 14.48 13.67 12.82 
      17.42 16.43 15.63 14.89 14.13 
      18.12 17.12 16.35 15.64 14.91 
      12.47 11.31 10.19  9.03  7.88 
      15.26 14.15 13.17 12.13 11.17 
      16.36 15.26 14.35 13.33 12.46 
      17.60 16.51 15.67 14.61 13.88 
      18.39 17.29 16.51 15.36 14.73 
       7.28  6.70  6.11  5.53  4.41 
      12.88 12.13 11.39 10.64  9.10 
      14.83 14.10 13.37 12.64 11.13 
      16.62 15.97 15.32 14.66 13.26 
      17.51 16.92 16.33 15.73 14.46 
       0.00  0.00  0.00  1.07  0.99 
       0.00  0.00  0.00  5.29  4.78 
       0.00  0.00  0.00  8.27  7.46 
       0.00  0.00  0.00 11.75 10.69 
       0.00  0.00  0.00 13.24 12.20 
      16.20 14.82 13.40 11.90 10.38 
      19.06 17.88 16.70 15.52 14.38 
      20.34 19.25 18.16 17.12 16.15 
      21.87 20.91 19.93 19.05 18.29 
      22.84 21.98 21.07 20.32 19.69 
      16.16 14.96 13.61 12.09 10.55 
      18.75 17.78 16.77 15.63 14.41 
      19.88 19.00 18.13 17.14 16.04 
      21.22 20.46 19.73 18.92 17.97 
      22.06 21.39 20.74 20.04 19.22 
      15.77 14.63 13.39 12.03 10.46 
      18.14 17.20 16.28 15.33 14.19 
      19.14 18.26 17.47 16.66 15.69 
      20.30 19.46 18.82 18.19 17.39 
      21.02 20.18 19.62 19.11 18.46 
      15.29 14.16 12.95 11.61 10.16 
      17.57 16.65 15.68 14.72 13.75 
      18.53 17.69 16.76 15.92 15.13 
      19.64 18.90 17.98 17.27 16.64 
      20.33 19.66 18.73 18.06 17.56 
      14.89 13.63 12.40 11.09  9.63 
      17.51 16.36 15.32 14.32 13.25 
      18.62 17.47 16.49 15.56 14.61 
      19.93 18.78 17.84 16.98 16.09 
      20.75 19.60 18.69 17.86 17.01 
      14.25 12.91 11.61 10.25  8.88 
      17.38 16.11 15.00 13.84 12.75 
      18.65 17.38 16.32 15.17 14.20 
      20.12 18.84 17.86 16.65 15.78 
      21.05 19.76 18.85 17.53 16.79 
       8.03  7.37  6.70  6.04  4.75 
      14.65 13.79 12.93 12.07 10.28 
      16.90 16.07 15.24 14.41 12.68 
      18.97 18.20 17.44 16.67 15.06 
      20.01 19.32 18.62 17.93 16.44 
       0.00  0.00  0.00  1.09  1.01 
       0.00  0.00  0.00  5.80  5.21 
       0.00  0.00  0.00  9.25  8.31 
       0.00  0.00  0.00 13.38 12.19 
       0.00  0.00  0.00 15.07 13.86 
      17.83 16.27 14.67 12.99 11.28 
      21.08 19.75 18.41 17.05 15.77 
      22.53 21.30 20.07 18.87 17.76 
      24.27 23.18 22.07 21.07 20.19 
      25.36 24.39 23.36 22.51 21.79 
      17.80 16.43 14.90 13.20 11.46 
      20.75 19.64 18.50 17.19 15.80 
      22.04 21.04 20.05 18.91 17.65 
      23.56 22.70 21.86 20.94 19.85 
      24.50 23.74 23.00 22.21 21.27 
      17.36 16.07 14.67 13.13 11.36 
      20.08 19.01 17.96 16.87 15.56 
      21.23 20.22 19.32 18.40 17.27 
      22.54 21.60 20.87 20.14 19.23 
      23.35 22.41 21.79 21.19 20.44 
      16.83 15.55 14.19 12.67 11.04 
      19.45 18.40 17.30 16.21 15.09 
      20.55 19.59 18.54 17.59 16.66 
      21.81 20.98 19.95 19.13 18.40 
      22.59 21.83 20.79 20.04 19.46 
      16.35 14.94 13.57 12.09 10.44 
      19.36 18.05 16.88 15.75 14.54 
      20.63 19.33 18.22 17.17 16.08 
      22.11 20.82 19.77 18.79 17.79 
      23.04 21.75 20.73 19.80 18.84 
      15.61 14.11 12.66 11.12  9.59 
      19.17 17.75 16.49 15.19 13.97 
      20.62 19.20 17.99 16.71 15.61 
      22.30 20.88 19.77 18.41 17.43 
      23.35 21.92 20.90 19.43 18.59 
       8.57  7.84  7.11  6.39  4.98 
      16.01 15.05 14.09 13.12 11.13 
      18.57 17.64 16.70 15.77 13.85 
      20.99 20.11 19.24 18.36 16.53 
      22.18 21.39 20.60 19.81 18.13 
       0.00  0.00  0.00  1.10  1.02 
       0.00  0.00  0.00  6.15  5.50 
       0.00  0.00  0.00  9.94  8.91 
       0.00  0.00  0.00 14.63 13.30 
       0.00  0.00  0.00 16.57 15.21 
      19.26 17.52 15.76 13.89 12.00 
      22.86 21.38 19.90 18.40 16.95 
      24.46 23.10 21.74 20.40 19.16 
      26.36 25.17 23.95 22.84 21.86 
      27.55 26.49 25.36 24.42 23.62 
      19.23 17.71 16.01 14.11 12.20 
      22.51 21.29 20.01 18.55 17.00 
      23.94 22.84 21.72 20.46 19.06 
      25.60 24.66 23.73 22.71 21.51 
      26.62 25.80 24.98 24.11 23.08 
      18.76 17.33 15.76 14.06 12.10 
      21.79 20.61 19.44 18.21 16.75 
      23.06 21.96 20.95 19.92 18.66 
      24.50 23.48 22.67 21.86 20.84 
      25.38 24.36 23.68 23.03 22.18 
      18.17 16.74 15.23 13.55 11.73 
      21.11 19.94 18.72 17.50 16.25 
      22.33 21.27 20.11 19.05 18.01 
      23.71 22.79 21.67 20.77 19.96 
      24.55 23.73 22.60 21.78 21.13 
      17.61 16.06 14.54 12.90 11.08 
      20.98 19.54 18.26 16.99 15.64 
      22.39 20.97 19.75 18.58 17.37 
      24.02 22.62 21.47 20.39 19.28 
      25.04 23.63 22.52 21.50 20.45 
      16.76 15.12 13.52 11.82 10.14 
      20.76 19.19 17.79 16.36 15.00 
      22.37 20.82 19.48 18.07 16.83 
      24.22 22.67 21.44 19.97 18.88 
      25.36 23.81 22.68 21.10 20.16 
       8.96  8.19  7.41  6.64  5.14 
      17.17 16.11 15.05 13.99 11.79 
      20.05 19.01 17.98 16.94 14.80 
      22.77 21.79 20.82 19.84 17.81 
      24.09 23.22 22.34 21.47 19.59 
       0.00  0.00  0.00  1.11  1.03 
       0.00  0.00  0.00  6.39  5.70 
       0.00  0.00  0.00 10.48  9.35 
       0.00  0.00  0.00 15.69 14.23 
       0.00  0.00  0.00 17.89 16.38
       1.09  1.19  1.19  1.15  1.11 
       1.53  1.64  1.66  1.63  1.61 
       1.76  1.87  1.88  1.86  1.84 
       2.10  2.20  2.15  2.16  2.13 
       2.65  2.59  2.48  2.39  2.34 
       1.19  1.29  1.25  1.22  1.17 
       1.73  1.82  1.80  1.76  1.71 
       2.04  2.10  2.08  2.04  1.98 
       2.55  2.51  2.45  2.41  2.32 
       3.21  3.06  2.86  2.75  2.63 
       1.22  1.31  1.28  1.25  1.19 
       1.91  1.97  1.92  1.88  1.81 
       2.31  2.33  2.26  2.19  2.13 
       2.97  2.87  2.74  2.62  2.54 
       3.79  3.54  3.25  3.08  2.91 
       1.27  1.31  1.28  1.24  1.20 
       2.06  2.07  2.01  1.93  1.87 
       2.56  2.50  2.41  2.30  2.23 
       3.36  3.14  3.01  2.85  2.73 
       4.35  3.98  3.63  3.42  3.23 
       1.33  1.34  1.30  1.25  1.21 
       2.14  2.14  2.07  1.97  1.92 
       2.71  2.65  2.55  2.41  2.33 
       3.68  3.47  3.30  3.09  2.91 
       4.84  4.47  4.10  3.79  3.54 
       1.46  1.44  1.37  1.30  1.24 
       2.27  2.20  2.12  2.00  1.93 
       2.83  2.73  2.62  2.47  2.38 
       3.81  3.65  3.45  3.26  3.11 
       5.09  4.76  4.40  4.09  3.84 
       1.38  1.34  1.31  1.27  1.17 
       2.03  1.97  1.91  1.86  1.72 
       2.47  2.40  2.34  2.27  2.10 
       3.14  3.08  3.02  2.96  2.77 
       4.20  4.10  4.00  3.90  3.57 
       0.00  0.00  0.00  1.18  1.13 
       0.00  0.00  0.00  1.71  1.64 
       0.00  0.00  0.00  2.08  2.00 
       0.00  0.00  0.00  2.71  2.63 
       0.00  0.00  0.00  3.50  3.39 
       1.46  1.57  1.55  1.50  1.44 
       2.01  2.16  2.19  2.19  2.18 
       2.26  2.41  2.45  2.49  2.50 
       2.59  2.72  2.75  2.82  2.85 
       3.11  3.17  3.03  3.08  3.11 
       1.50  1.61  1.57  1.52  1.45 
       2.18  2.30  2.29  2.29  2.22 
       2.51  2.62  2.63  2.63  2.58 
       3.00  3.06  3.10  3.04  3.03 
       3.74  3.52  3.50  3.36  3.33 
       1.46  1.55  1.53  1.48  1.42 
       2.28  2.36  2.34  2.31  2.26 
       2.75  2.79  2.75  2.71  2.66 
       3.47  3.40  3.31  3.24  3.16 
       4.25  4.00  3.83  3.64  3.57 
       1.47  1.52  1.49  1.43  1.39 
       2.35  2.41  2.37  2.30  2.25 
       2.93  2.94  2.87  2.78  2.71 
       3.93  3.76  3.59  3.45  3.32 
       4.94  4.58  4.25  4.03  3.84 
       1.52  1.53  1.48  1.41  1.36 
       2.39  2.39  2.35  2.28  2.21 
       3.06  3.00  2.92  2.84  2.72 
       4.32  4.03  3.82  3.67  3.45 
       5.43  5.03  4.68  4.42  4.16 
       1.68  1.64  1.56  1.47  1.39 
       2.54  2.48  2.40  2.30  2.19 
       3.19  3.10  2.98  2.85  2.73 
       4.41  4.21  3.95  3.77  3.57 
       5.81  5.43  5.05  4.70  4.42 
       1.60  1.56  1.52  1.48  1.37 
       2.30  2.25  2.20  2.14  1.96 
       2.82  2.75  2.68  2.62  2.40 
       3.69  3.60  3.51  3.42  3.23 
       4.98  4.85  4.72  4.58  4.24 
       0.00  0.00  0.00  1.36  1.31 
       0.00  0.00  0.00  2.00  1.90 
       0.00  0.00  0.00  2.42  2.30 
       0.00  0.00  0.00  3.14  2.98 
       0.00  0.00  0.00  4.08  3.91 
       1.78  1.91  1.87  1.79  1.72 
       2.48  2.66  2.74  2.74  2.73 
       2.73  2.93  3.06  3.11  3.17 
       2.96  3.22  3.35  3.46  3.62 
       3.21  3.43  3.52  3.64  3.82 
       1.78  1.88  1.84  1.76  1.68 
       2.58  2.73  2.79  2.76  2.73 
       2.91  3.08  3.17  3.19  3.20 
       3.31  3.49  3.58  3.71  3.71 
       3.81  3.85  3.84  3.99  3.97 
       1.66  1.76  1.74  1.69  1.60 
       2.61  2.74  2.74  2.76  2.68 
       3.10  3.21  3.20  3.26  3.19 
       3.79  3.81  3.80  3.84  3.77 
       4.34  4.21  4.20  4.18  4.16 
       1.64  1.68  1.64  1.59  1.54 
       2.59  2.70  2.67  2.64  2.60 
       3.21  3.29  3.24  3.21  3.19 
       4.26  4.15  4.01  3.93  3.97 
       4.94  4.75  4.60  4.45  4.42 
       1.69  1.71  1.63  1.57  1.50 
       2.59  2.65  2.61  2.54  2.50 
       3.25  3.27  3.25  3.17  3.13 
       4.49  4.30  4.24  4.13  4.07 
       5.62  5.33  5.03  4.91  4.69 
       1.83  1.79  1.70  1.60  1.54 
       2.70  2.67  2.60  2.48  2.43 
       3.38  3.32  3.22  3.12  3.04 
       4.70  4.46  4.33  4.23  4.05 
       5.97  5.65  5.33  5.16  4.95 
       1.78  1.73  1.68  1.64  1.53 
       2.47  2.42  2.38  2.33  2.20 
       2.98  2.93  2.88  2.83  2.68 
       3.96  3.89  3.82  3.75  3.52 
       5.44  5.29  5.14  4.98  4.70 
       0.00  0.00  0.00  1.48  1.44 
       0.00  0.00  0.00  2.16  2.10 
       0.00  0.00  0.00  2.62  2.54 
       0.00  0.00  0.00  3.39  3.28 
       0.00  0.00  0.00  4.43  4.38 
       2.05  2.18  2.12  2.03  1.93 
       2.91  3.12  3.20  3.21  3.19 
       3.15  3.42  3.58  3.66  3.72 
       3.25  3.70  3.87  4.04  4.22 
       3.31  3.71  3.92  4.20  4.44 
       1.98  2.09  2.03  1.95  1.86 
       2.90  3.08  3.19  3.19  3.13 
       3.24  3.45  3.64  3.72  3.69 
       3.53  3.85  4.03  4.25  4.32 
       3.85  4.05  4.25  4.38  4.60 
       1.82  1.92  1.90  1.84  1.75 
       2.80  3.03  3.05  3.08  3.02 
       3.29  3.54  3.58  3.67  3.63 
       3.98  4.11  4.20  4.31  4.29 
       4.37  4.34  4.48  4.55  4.67 
       1.77  1.78  1.76  1.70  1.66 
       2.73  2.88  2.86  2.88  2.86 
       3.35  3.53  3.48  3.52  3.52 
       4.42  4.41  4.36  4.30  4.40 
       4.91  4.85  4.82  4.75  4.79 
       1.82  1.83  1.74  1.68  1.60 
       2.70  2.79  2.76  2.70  2.71 
       3.34  3.43  3.44  3.38  3.41 
       4.57  4.47  4.50  4.46  4.44 
       5.59  5.35  5.17  5.15  5.01 
       1.94  1.91  1.81  1.71  1.64 
       2.82  2.81  2.73  2.61  2.57 
       3.48  3.45  3.36  3.27  3.20 
       4.75  4.56  4.51  4.44  4.27 
       5.91  5.70  5.47  5.36  5.19 
       1.88  1.84  1.80  1.75  1.64 
       2.61  2.57  2.53  2.49  2.36 
       3.12  3.08  3.03  2.99  2.85 
       4.06  3.99  3.92  3.85  3.70 
       5.56  5.39  5.22  5.05  4.91 
       0.00  0.00  0.00  1.58  1.54 
       0.00  0.00  0.00  2.29  2.23 
       0.00  0.00  0.00  2.76  2.68 
       0.00  0.00  0.00  3.49  3.38 
       0.00  0.00  0.00  4.53  4.46 
       2.29  2.40  2.33  2.22  2.09 
       3.32  3.54  3.65  3.64  3.60 
       3.57  3.89  4.11  4.18  4.25 
       3.57  4.13  4.48  4.62  4.87 
       3.46  4.09  4.34  4.74  5.07 
       2.17  2.27  2.20  2.11  2.00 
       3.24  3.53  3.62  3.54  3.48 
       3.60  3.99  4.16  4.16  4.15 
       3.78  4.36  4.50  4.77  4.90 
       4.03  4.32  4.62  4.84  5.10 
       1.96  2.05  2.04  1.96  1.86 
       3.03  3.31  3.36  3.38  3.32 
       3.53  3.87  3.96  4.07  4.03 
       4.21  4.43  4.58  4.80  4.76 
       4.52  4.44  4.85  4.92  5.12 
       1.89  1.90  1.87  1.81  1.75 
       2.87  3.06  3.05  3.09  3.08 
       3.50  3.75  3.77  3.81  3.85 
       4.58  4.63  4.84  4.67  4.96 
       4.92  4.94  5.09  5.08  5.25 
       1.93  1.94  1.85  1.78  1.68 
       2.80  2.92  2.92  2.86  2.84 
       3.43  3.56  3.65  3.58  3.59 
       4.63  4.58  4.87  4.74  4.78 
       5.45  5.33  5.35  5.44  5.30 
       2.06  2.03  1.92  1.80  1.72 
       2.93  2.98  2.86  2.74  2.69 
       3.57  3.62  3.49  3.42  3.36 
       4.82  4.63  4.59  4.63  4.47 
       5.90  5.77  5.64  5.49  5.41 
       2.00  1.95  1.90  1.86  1.74 
       2.73  2.69  2.65  2.61  2.48 
       3.26  3.21  3.16  3.11  2.98 
       4.22  4.13  4.05  3.96  3.82 
       5.55  5.42  5.30  5.17  5.01 
       0.00  0.00  0.00  1.67  1.62 
       0.00  0.00  0.00  2.41  2.35 
       0.00  0.00  0.00  2.87  2.80 
       0.00  0.00  0.00  3.58  3.45 
       0.00  0.00  0.00  4.62  4.55 
       2.50  2.60  2.51  2.38  2.24 
       3.71  4.05  4.05  4.11  3.98 
       4.03  4.51  4.62  4.78  4.75 
       4.12  4.65  5.07  5.18  5.44 
       3.68  4.45  4.85  5.27  5.75 
       2.33  2.43  2.34  2.23  2.12 
       3.66  3.86  4.01  3.93  3.81 
       4.06  4.39  4.66  4.67  4.62 
       3.96  4.83  4.95  5.31  5.59 
       4.08  4.66  4.96  5.41  5.63 
       2.10  2.18  2.14  2.07  1.97 
       3.22  3.55  3.70  3.65  3.67 
       3.76  4.21  4.42  4.47  4.52 
       4.52  4.96  5.00  5.47  5.27 
       4.62  4.71  5.10  5.40  5.72 
       2.01  2.00  1.99  1.91  1.83 
       3.02  3.31  3.25  3.35  3.27 
       3.66  4.08  4.03  4.14  4.17 
       4.80  4.94  5.28  4.96  5.55 
       5.11  4.90  5.44  5.41  5.79 
       2.03  2.04  1.95  1.86  1.76 
       2.90  3.06  3.06  2.99  2.97 
       3.52  3.70  3.80  3.75  3.82 
       4.68  4.68  4.95  5.00  5.24 
       5.33  5.41  5.56  5.69  5.66 
       2.17  2.14  2.03  1.90  1.82 
       3.08  3.05  3.03  2.85  2.81 
       3.70  3.66  3.70  3.53  3.47 
       4.76  4.68  4.87  4.75  4.61 
       6.01  5.93  5.87  5.65  5.58 
       2.11  2.06  2.01  1.97  1.85 
       2.82  2.80  2.78  2.76  2.61 
       3.34  3.31  3.28  3.26  3.08 
       4.38  4.27  4.16  4.06  3.83 
       5.51  5.40  5.29  5.18  5.12 
       0.00  0.00  0.00  1.76  1.72 
       0.00  0.00  0.00  2.53  2.46 
       0.00  0.00  0.00  2.99  2.90 
       0.00  0.00  0.00  3.66  3.51 
       0.00  0.00  0.00  4.70  4.61
       2.18  1.80  1.52  1.32  1.18 
       4.05  3.47  2.96  2.53  2.20 
       5.09  4.48  3.89  3.37  2.92 
       6.47  5.85  5.25  4.68  4.13 
       7.32  6.74  6.13  5.58  5.08 
       2.09  1.73  1.45  1.25  1.12 
       3.98  3.42  2.89  2.45  2.12 
       5.04  4.45  3.85  3.30  2.85 
       6.43  5.84  5.24  4.62  4.08 
       7.28  6.69  6.14  5.56  5.00 
       1.87  1.56  1.32  1.15  1.03 
       3.71  3.19  2.70  2.30  1.99 
       4.77  4.21  3.65  3.14  2.71 
       6.18  5.63  5.04  4.49  3.94 
       7.06  6.55  5.98  5.44  4.89 
       1.61  1.33  1.14  1.00  0.91 
       3.36  2.86  2.42  2.07  1.79 
       4.40  3.85  3.33  2.87  2.47 
       5.81  5.26  4.75  4.22  3.66 
       6.75  6.22  5.71  5.21  4.67 
       1.29  1.09  0.94  0.84  0.78 
       2.86  2.43  2.07  1.78  1.55 
       3.86  3.37  2.91  2.52  2.18 
       5.25  4.77  4.26  3.82  3.32 
       6.23  5.74  5.28  4.82  4.34 
       1.07  0.91  0.80  0.71  0.66 
       2.40  2.03  1.73  1.45  1.30 
       3.34  2.87  2.47  2.10  1.85 
       4.73  4.22  3.74  3.30  2.87 
       5.74  5.24  4.78  4.31  3.91 
       0.39  0.37  0.35  0.33  0.30 
       0.94  0.85  0.76  0.68  0.54 
       1.52  1.36  1.20  1.05  0.80 
       2.73  2.44  2.15  1.86  1.39 
       3.82  3.49  3.16  2.84  2.23 
       0.00  0.00  0.00  0.27  0.26 
       0.00  0.00  0.00  0.39  0.38 
       0.00  0.00  0.00  0.53  0.49 
       0.00  0.00  0.00  0.88  0.74 
       0.00  0.00  0.00  1.70  1.34 
       2.62  2.17  1.85  1.61  1.45 
       5.16  4.34  3.67  3.13  2.72 
       6.65  5.74  4.93  4.23  3.65 
       8.62  7.76  6.88  6.01  5.27 
       9.78  8.98  8.18  7.33  6.61 
       2.47  2.04  1.73  1.50  1.34 
       5.02  4.22  3.52  2.98  2.58 
       6.55  5.65  4.79  4.08  3.52 
       8.60  7.72  6.77  5.91  5.14 
       9.71  8.95  8.08  7.26  6.49 
       2.16  1.79  1.52  1.34  1.21 
       4.61  3.88  3.24  2.75  2.38 
       6.11  5.28  4.48  3.82  3.27 
       8.16  7.35  6.45  5.65  4.84 
       9.36  8.63  7.82  7.02  6.21 
       1.81  1.49  1.27  1.13  1.03 
       4.09  3.39  2.84  2.40  2.10 
       5.55  4.73  4.03  3.41  2.95 
       7.59  6.80  6.04  5.20  4.50 
       8.84  8.12  7.42  6.63  5.91 
       1.42  1.19  1.03  0.93  0.85 
       3.39  2.81  2.36  2.02  1.76 
       4.75  4.03  3.44  2.94  2.53 
       6.72  6.00  5.32  4.62  4.00 
       8.08  7.41  6.75  6.11  5.41 
       1.16  0.99  0.87  0.76  0.72 
       2.79  2.29  1.90  1.60  1.43 
       4.03  3.37  2.82  2.37  2.08 
       5.98  5.22  4.53  3.84  3.35 
       7.30  6.62  5.95  5.28  4.72 
       0.46  0.44  0.42  0.40  0.36 
       1.03  0.94  0.85  0.76  0.62 
       1.68  1.50  1.32  1.14  0.87 
       3.18  2.79  2.39  2.00  1.45 
       4.64  4.17  3.70  3.23  2.46 
       0.00  0.00  0.00  0.32  0.31 
       0.00  0.00  0.00  0.49  0.47 
       0.00  0.00  0.00  0.62  0.57 
       0.00  0.00  0.00  0.90  0.76 
       0.00  0.00  0.00  1.82  1.40 
       3.00  2.50  2.14  1.88  1.71 
       6.01  5.04  4.25  3.65  3.22 
       7.82  6.73  5.75  4.94  4.30 
      10.23  9.23  8.16  7.11  6.19 
      11.64 10.78  9.85  8.90  7.98 
       2.79  2.32  1.96  1.71  1.55 
       5.82  4.86  4.05  3.44  3.01 
       7.67  6.57  5.55  4.72  4.09 
      10.15  9.14  8.00  6.91  5.98 
      11.51 10.66  9.79  8.71  7.77 
       2.38  1.99  1.69  1.50  1.36 
       5.28  4.40  3.67  3.14  2.73 
       7.12  6.08  5.13  4.38  3.77 
       9.65  8.67  7.57  6.57  5.62 
      10.95 10.16  9.28  8.38  7.44 
       1.95  1.62  1.39  1.23  1.14 
       4.62  3.80  3.18  2.70  2.37 
       6.38  5.39  4.56  3.86  3.34 
       8.90  7.93  6.92  5.95  5.12 
      10.20  9.41  8.69  7.77  6.89 
       1.51  1.27  1.11  0.99  0.92 
       3.74  3.08  2.60  2.21  1.94 
       5.37  4.51  3.83  3.25  2.81 
       7.86  6.92  6.01  5.18  4.44 
       9.32  8.52  7.80  6.96  6.19 
       1.23  1.05  0.92  0.82  0.77 
       3.04  2.48  2.05  1.72  1.54 
       4.49  3.71  3.09  2.57  2.27 
       6.91  5.95  5.06  4.26  3.69 
       8.45  7.58  6.80  5.96  5.29 
       0.52  0.50  0.48  0.46  0.41 
       1.15  1.06  0.96  0.87  0.70 
       1.85  1.65  1.45  1.26  0.94 
       3.48  3.04  2.60  2.16  1.50 
       5.28  4.69  4.11  3.52  2.55 
       0.00  0.00  0.00  0.36  0.35 
       0.00  0.00  0.00  0.59  0.56 
       0.00  0.00  0.00  0.74  0.66 
       0.00  0.00  0.00  1.01  0.84 
       0.00  0.00  0.00  1.96  1.42 
       3.32  2.78  2.39  2.12  1.92 
       6.68  5.61  4.75  4.12  3.66 
       8.70  7.46  6.38  5.53  4.86 
      11.40 10.19  9.01  7.87  6.89 
      12.81 11.86 10.89  9.87  8.87 
       3.05  2.56  2.17  1.90  1.72 
       6.43  5.38  4.50  3.85  3.40 
       8.48  7.25  6.15  5.25  4.57 
      11.22 10.08  8.84  7.61  6.58 
      12.57 11.68 10.71  9.64  8.55 
       2.55  2.14  1.84  1.65  1.49 
       5.79  4.82  4.04  3.49  3.05 
       7.84  6.67  5.63  4.84  4.19 
      10.66  9.54  8.29  7.20  6.18 
      11.98 11.15 10.20  9.18  8.08 
       2.06  1.70  1.48  1.32  1.22 
       5.00  4.11  3.45  2.96  2.61 
       6.99  5.88  4.96  4.23  3.67 
       9.84  8.72  7.55  6.50  5.56 
      11.25 10.41  9.44  8.47  7.46 
       1.58  1.33  1.17  1.05  0.98 
       4.00  3.27  2.77  2.38  2.11 
       5.81  4.85  4.11  3.51  3.06 
       8.68  7.58  6.55  5.61  4.80 
      10.28  9.36  8.50  7.57  6.62 
       1.28  1.10  0.97  0.87  0.81 
       3.21  2.61  2.17  1.82  1.64 
       4.80  3.95  3.27  2.72  2.41 
       7.55  6.47  5.44  4.55  3.94 
       9.32  8.31  7.36  6.42  5.69 
       0.56  0.54  0.52  0.50  0.45 
       1.25  1.16  1.07  0.97  0.78 
       1.98  1.78  1.58  1.38  1.04 
       3.66  3.20  2.74  2.28  1.59 
       5.73  5.07  4.41  3.75  2.70 
       0.00  0.00  0.00  0.39  0.38 
       0.00  0.00  0.00  0.68  0.65 
       0.00  0.00  0.00  0.84  0.79 
       0.00  0.00  0.00  1.09  0.98 
       0.00  0.00  0.00  2.07  1.53 
       3.59  3.03  2.62  2.33  2.11 
       7.19  6.08  5.20  4.54  4.05 
       9.36  8.05  6.93  6.05  5.36 
      12.29 11.00  9.72  8.53  7.53 
      13.64 12.70 11.68 10.63  9.61 
       3.27  2.74  2.34  2.07  1.88 
       6.90  5.78  4.88  4.21  3.75 
       9.10  7.79  6.63  5.71  5.02 
      12.07 10.81  9.50  8.24  7.17 
      13.39 12.51 11.51 10.38  9.28 
       2.69  2.26  1.96  1.77  1.60 
       6.17  5.16  4.36  3.79  3.35 
       8.38  7.14  6.07  5.24  4.57 
      11.48 10.22  8.90  7.74  6.68 
      12.80 11.97 10.96  9.88  8.72 
       2.14  1.78  1.55  1.39  1.29 
       5.28  4.35  3.68  3.18  2.83 
       7.43  6.25  5.30  4.56  3.98 
      10.61  9.31  8.07  6.97  5.99 
      12.06 11.19 10.19  9.10  8.06 
       1.63  1.37  1.21  1.09  1.01 
       4.16  3.45  2.91  2.52  2.27 
       6.12  5.14  4.35  3.73  3.29 
       9.27  8.05  6.98  5.97  5.12 
      11.13 10.14  9.21  8.17  7.15 
       1.32  1.14  1.01  0.89  0.84 
       3.33  2.73  2.27  1.91  1.73 
       5.02  4.14  3.44  2.86  2.54 
       8.02  6.78  5.75  4.77  4.15 
      10.06  8.97  7.83  6.85  6.07 
       0.59  0.57  0.55  0.53  0.47 
       1.36  1.25  1.14  1.04  0.87 
       2.12  1.91  1.69  1.48  1.16 
       3.90  3.41  2.92  2.43  1.73 
       6.05  5.35  4.65  3.95  2.84 
       0.00  0.00  0.00  0.41  0.40 
       0.00  0.00  0.00  0.74  0.73 
       0.00  0.00  0.00  0.94  0.91 
       0.00  0.00  0.00  1.27  1.17 
       0.00  0.00  0.00  2.17  1.62 
       3.58  3.03  2.65  2.37  2.17 
       7.30  6.16  5.29  4.64  4.19 
       9.53  8.19  7.06  6.17  5.53 
      12.54 11.25  9.93  8.73  7.73 
      13.77 12.91 11.91 10.86  9.85 
       3.17  2.67  2.29  2.03  1.86 
       6.89  5.78  4.87  4.20  3.77 
       9.17  7.83  6.66  5.73  5.07 
      12.31 10.99  9.61  8.34  7.27 
      13.45 12.65 11.61 10.51  9.40 
       2.49  2.09  1.82  1.66  1.53 
       6.04  5.01  4.22  3.68  3.27 
       8.34  7.05  5.97  5.15  4.51 
      11.61 10.30  8.93  7.72  6.65 
      12.78 11.99 10.98  9.91  8.78 
       1.85  1.53  1.35  1.23  1.15 
       5.01  4.06  3.44  2.96  2.66 
       7.27  6.01  5.10  4.34  3.81 
      10.69  9.29  8.01  6.80  5.84 
      12.00 11.13 10.13  9.05  7.98 
       1.32  1.09  0.96  0.88  0.83 
       3.78  3.05  2.54  2.18  1.98 
       5.81  4.78  3.99  3.37  2.97 
       9.28  7.93  6.74  5.67  4.82 
      11.09 10.03  9.02  8.00  6.98 
       1.00  0.84  0.73  0.65  0.64 
       2.92  2.29  1.83  1.51  1.38 
       4.67  3.71  2.97  2.40  2.12 
       7.93  6.50  5.34  4.29  3.70 
      10.03  8.83  7.70  6.62  5.77 
       0.62  0.60  0.58  0.56  0.49 
       1.42  1.32  1.23  1.13  0.94 
       2.23  2.02  1.81  1.60  1.25 
       4.05  3.54  3.03  2.52  1.82 
       6.65  5.82  4.99  4.17  2.95 
       0.00  0.00  0.00  0.42  0.41 
       0.00  0.00  0.00  0.81  0.78 
       0.00  0.00  0.00  1.05  0.99 
       0.00  0.00  0.00  1.38  1.27 
       0.00  0.00  0.00  2.31  1.70
       6.42  5.76  5.10  4.45  3.80 
       7.91  7.30  6.70  6.12  5.55 
       8.60  8.02  7.45  6.91  6.39 
       9.47  8.93  8.40  7.90  7.45 
      10.06  9.56  9.05  8.59  8.19 
       6.44  5.85  5.20  4.52  3.87 
       7.85  7.32  6.78  6.19  5.59 
       8.50  8.00  7.50  6.95  6.40 
       9.30  8.84  8.39  7.91  7.40 
       9.84  9.41  9.00  8.56  8.09 
       6.31  5.74  5.14  4.52  3.84 
       7.65  7.14  6.63  6.12  5.54 
       8.26  7.76  7.30  6.83  6.31 
       8.99  8.51  8.10  7.70  7.23 
       9.48  9.00  8.63  8.27  7.86 
       6.11  5.55  4.97  4.36  3.74 
       7.44  6.93  6.42  5.90  5.40 
       8.03  7.55  7.05  6.58  6.12 
       8.74  8.30  7.80  7.38  6.98 
       9.22  8.81  8.30  7.90  7.55 
       5.88  5.30  4.74  4.16  3.54 
       7.35  6.77  6.25  5.74  5.20 
       8.01  7.43  6.92  6.42  5.92 
       8.81  8.23  7.72  7.25  6.77 
       9.35  8.76  8.26  7.80  7.34 
       5.55  4.97  4.40  3.81  3.25 
       7.21  6.61  6.07  5.51  4.98 
       7.95  7.33  6.80  6.23  5.73 
       8.84  8.21  7.68  7.09  6.62 
       9.44  8.79  8.29  7.66  7.22 
       2.93  2.69  2.45  2.22  1.73 
       5.75  5.39  5.03  4.67  3.90 
       6.89  6.51  6.13  5.75  4.95 
       8.11  7.72  7.33  6.94  6.14 
       8.81  8.44  8.06  7.69  6.92 
       0.00  0.00  0.00  0.39  0.37 
       0.00  0.00  0.00  2.14  1.94 
       0.00  0.00  0.00  3.53  3.18 
       0.00  0.00  0.00  5.41  4.88 
       0.00  0.00  0.00  6.37  5.79 
       9.37  8.30  7.22  6.14  5.08 
      11.75 10.78  9.81  8.85  7.91 
      12.83 11.92 11.01 10.11  9.26 
      14.17 13.34 12.50 11.69 10.96 
      15.04 14.29 13.50 12.78 12.13 
       9.44  8.44  7.36  6.25  5.18 
      11.68 10.82  9.93  8.96  7.99 
      12.68 11.89 11.09 10.20  9.30 
      13.91 13.20 12.50 11.73 10.90 
      14.69 14.05 13.42 12.74 11.98 
       9.23  8.28  7.27  6.23  5.13 
      11.37 10.56  9.74  8.88  7.92 
      12.31 11.55 10.80 10.04  9.17 
      13.42 12.71 12.07 11.42 10.67 
      14.11 13.43 12.87 12.31 11.64 
       8.91  7.97  7.01  5.99  4.96 
      11.02 10.23  9.41  8.57  7.71 
      11.94 11.19 10.42  9.66  8.90 
      13.02 12.34 11.60 10.93 10.29 
      13.69 13.07 12.34 11.73 11.17 
       8.46  7.52  6.60  5.63  4.64 
      10.82  9.93  9.10  8.27  7.39 
      11.84 10.95 10.16  9.38  8.58 
      13.05 12.17 11.41 10.68  9.94 
      13.83 12.95 12.22 11.52 10.81 
       7.83  6.90  5.99  5.05  4.17 
      10.54  9.61  8.74  7.86  7.01 
      11.69 10.74  9.90  9.04  8.24 
      13.04 12.08 11.27 10.40  9.66 
      13.90 12.95 12.18 11.26 10.58 
       3.61  3.28  2.95  2.62  1.97 
       7.99  7.42  6.85  6.28  5.10 
       9.89  9.27  8.66  8.04  6.78 
      11.82 11.20 10.58  9.96  8.71 
      12.90 12.31 11.72 11.13  9.92 
       0.00  0.00  0.00  0.40  0.37 
       0.00  0.00  0.00  2.53  2.26 
       0.00  0.00  0.00  4.46  3.97 
       0.00  0.00  0.00  7.51  6.70 
       0.00  0.00  0.00  9.03  8.12 
      11.74 10.33  8.90  7.44  6.02 
      14.68 13.50 12.30 11.04  9.79 
      15.95 14.88 13.79 12.67 11.56 
      17.46 16.50 15.55 14.60 13.71 
      18.44 17.57 16.69 15.86 15.11 
      11.85 10.52  9.08  7.57  6.14 
      14.61 13.59 12.47 11.20  9.92 
      15.76 14.87 13.90 12.80 11.64 
      17.11 16.34 15.55 14.65 13.66 
      17.96 17.27 16.58 15.81 14.93 
      11.60 10.33  8.96  7.54  6.07 
      14.24 13.28 12.24 11.12  9.84 
      15.31 14.45 13.57 12.62 11.51 
      16.50 15.73 15.03 14.29 13.40 
      17.24 16.50 15.90 15.28 14.52 
      11.19  9.93  8.62  7.22  5.84 
      13.83 12.86 11.84 10.75  9.59 
      14.86 14.01 13.10 12.17 11.19 
      16.01 15.27 14.45 13.70 12.95 
      16.71 16.03 15.23 14.56 13.95 
      10.56  9.29  8.04  6.74  5.42 
      13.58 12.48 11.44 10.36  9.18 
      14.77 13.73 12.77 11.81 10.77 
      16.08 15.08 14.21 13.38 12.51 
      16.90 15.90 15.08 14.30 13.49 
       9.65  8.41  7.19  5.95  4.81 
      13.23 12.05 10.94  9.78  8.64 
      14.61 13.46 12.43 11.35 10.32 
      16.11 15.00 14.06 13.05 12.14 
      17.04 15.93 15.05 14.00 13.20 
       4.06  3.66  3.26  2.87  2.11 
       9.78  9.03  8.28  7.53  5.99 
      12.33 11.52 10.72  9.91  8.23 
      14.80 14.02 13.24 12.46 10.86 
      16.01 15.30 14.59 13.87 12.37 
       0.00  0.00  0.00  0.40  0.37 
       0.00  0.00  0.00  2.76  2.45 
       0.00  0.00  0.00  5.12  4.52 
       0.00  0.00  0.00  9.25  8.17 
       0.00  0.00  0.00 11.20 10.05 
      13.40 11.78 10.09  8.35  6.68 
      16.72 15.38 14.01 12.57 11.13 
      18.18 16.94 15.70 14.42 13.17 
      19.95 18.83 17.72 16.62 15.60 
      21.11 20.08 19.05 18.08 17.22 
      13.54 12.00 10.29  8.50  6.80 
      16.65 15.49 14.21 12.76 11.28 
      17.97 16.94 15.84 14.59 13.27 
      19.55 18.64 17.73 16.69 15.55 
      20.56 19.74 18.93 18.04 17.01 
      13.26 11.79 10.17  8.47  6.72 
      16.24 15.14 13.96 12.69 11.20 
      17.45 16.46 15.46 14.40 13.13 
      18.86 17.96 17.13 16.28 15.26 
      19.73 18.87 18.15 17.43 16.55 
      12.79 11.33  9.77  8.09  6.45 
      15.77 14.67 13.53 12.27 10.92 
      16.93 15.95 14.94 13.90 12.79 
      18.28 17.41 16.46 15.60 14.75 
      19.11 18.32 17.38 16.61 15.89 
      12.05 10.56  9.07  7.51  5.95 
      15.48 14.25 13.07 11.82 10.44 
      16.80 15.63 14.56 13.49 12.32 
      18.34 17.17 16.17 15.22 14.25 
      19.32 18.15 17.19 16.29 15.36 
      10.95  9.48  8.04  6.56  5.24 
      15.09 13.75 12.48 11.15  9.81 
      16.62 15.33 14.17 12.98 11.79 
      18.35 17.07 15.97 14.84 13.83 
      19.45 18.17 17.13 15.94 15.02 
       4.33  3.89  3.45  3.02  2.19 
      11.03 10.16  9.28  8.41  6.59 
      14.06 13.12 12.18 11.24  9.24 
      16.82 15.94 15.06 14.18 12.38 
      18.26 17.43 16.60 15.77 14.07 
       0.00  0.00  0.00  0.40  0.37 
       0.00  0.00  0.00  2.90  2.56 
       0.00  0.00  0.00  5.56  4.88 
       0.00  0.00  0.00 10.50  9.23 
       0.00  0.00  0.00 12.71 11.40 
      14.67 12.84 10.95  9.01  7.14 
      18.43 16.90 15.36 13.74 12.11 
      20.09 18.68 17.27 15.82 14.40 
      22.10 20.83 19.56 18.31 17.14 
      23.41 22.25 21.08 19.97 18.98 
      14.83 13.10 11.18  9.16  7.27 
      18.36 17.03 15.59 13.95 12.29 
      19.87 18.68 17.43 16.00 14.53 
      21.66 20.63 19.58 18.39 17.09 
      22.81 21.88 20.96 19.93 18.76 
      14.52 12.87 11.04  9.13  7.16 
      17.90 16.65 15.32 13.88 12.20 
      19.29 18.16 17.02 15.81 14.38 
      20.91 19.89 18.94 17.96 16.78 
      21.90 20.93 20.11 19.28 18.25 
      14.00 12.34 10.59  8.71  6.86 
      17.37 16.14 14.84 13.42 11.89 
      18.72 17.60 16.45 15.26 14.00 
      20.26 19.27 18.20 17.21 16.23 
      21.21 20.31 19.26 18.37 17.54 
      13.15 11.47  9.80  8.05  6.31 
      17.03 15.64 14.31 12.91 11.36 
      18.55 17.21 16.01 14.80 13.49 
      20.30 18.99 17.86 16.78 15.67 
      21.41 20.11 19.02 18.00 16.95 
      11.88 10.23  8.62  6.98  5.52 
      16.56 15.06 13.63 12.14 10.64 
      18.31 16.86 15.55 14.21 12.89 
      20.30 18.85 17.61 16.33 15.18 
      21.54 20.10 18.93 17.61 16.55 
       4.51  4.04  3.57  3.11  2.24 
      11.91 10.95  9.99  9.02  7.00 
      15.36 14.31 13.26 12.21  9.94 
      18.49 17.50 16.51 15.52 13.51 
      20.16 19.22 18.28 17.34 15.41 
       0.00  0.00  0.00  0.40  0.37 
       0.00  0.00  0.00  2.98  2.62 
       0.00  0.00  0.00  5.85  5.11 
       0.00  0.00  0.00 11.39  9.97 
       0.00  0.00  0.00 13.89 12.42 
      15.75 13.73 11.66  9.52  7.49 
      19.92 18.23 16.52 14.71 12.91 
      21.76 20.20 18.63 17.02 15.44 
      23.98 22.58 21.18 19.78 18.48 
      25.41 24.14 22.85 21.62 20.51 
      15.91 14.01 11.89  9.68  7.62 
      19.85 18.38 16.76 14.95 13.11 
      21.53 20.21 18.81 17.22 15.58 
      23.52 22.37 21.21 19.88 18.44 
      24.78 23.75 22.73 21.58 20.29 
      15.59 13.75 11.73  9.63  7.50 
      19.37 17.97 16.48 14.88 13.02 
      20.92 19.66 18.38 17.03 15.43 
      22.71 21.59 20.53 19.43 18.11 
      23.79 22.73 21.82 20.90 19.75 
      15.01 13.18 11.24  9.17  7.17 
      18.79 17.41 15.96 14.38 12.67 
      20.29 19.05 17.77 16.43 15.02 
      22.01 20.91 19.74 18.62 17.52 
      23.05 22.05 20.91 19.92 18.99 
      14.04 12.20 10.36  8.45  6.57 
      18.38 16.85 15.37 13.81 12.09 
      20.08 18.61 17.27 15.92 14.46 
      22.03 20.60 19.35 18.15 16.91 
      23.25 21.83 20.64 19.51 18.35 
      12.62 10.82  9.07  7.29  5.72 
      17.83 16.18 14.60 12.95 11.30 
      19.80 18.19 16.73 15.26 13.79 
      22.01 20.42 19.05 17.64 16.36 
      23.38 21.80 20.52 19.07 17.89 
       4.64  4.15  3.66  3.17  2.27 
      12.62 11.58 10.53  9.49  7.29 
      16.45 15.29 14.13 12.97 10.48 
      19.96 18.86 17.76 16.66 14.43 
      21.84 20.79 19.75 18.70 16.56 
       0.00  0.00  0.00  0.40  0.37 
       0.00  0.00  0.00  3.04  2.67 
       0.00  0.00  0.00  6.07  5.28 
       0.00  0.00  0.00 12.08 10.53 
       0.00  0.00  0.00 14.89 13.26
       1.64  1.68  1.62  1.54  1.48 
       2.34  2.36  2.26  2.17  2.09 
       2.75  2.75  2.61  2.50  2.41 
       3.35  3.31  3.11  2.99  2.84 
       4.11  3.94  3.62  3.44  3.27 
       1.80  1.82  1.74  1.65  1.56 
       2.66  2.63  2.48  2.37  2.25 
       3.18  3.11  2.91  2.77  2.62 
       4.01  3.83  3.58  3.35  3.17 
       4.97  4.59  4.29  3.94  3.68 
       1.90  1.90  1.81  1.72  1.61 
       2.96  2.86  2.69  2.54  2.40 
       3.62  3.44  3.20  3.01  2.83 
       4.64  4.32  3.97  3.69  3.47 
       5.65  5.17  4.76  4.40  4.07 
       1.97  1.95  1.84  1.73  1.64 
       3.23  3.06  2.87  2.65  2.52 
       4.02  3.74  3.48  3.21  3.01 
       5.26  4.81  4.41  4.09  3.77 
       6.40  5.89  5.34  4.90  4.50 
       2.00  1.96  1.84  1.73  1.64 
       3.37  3.21  3.01  2.79  2.62 
       4.29  4.03  3.74  3.45  3.20 
       5.79  5.34  4.87  4.48  4.10 
       7.16  6.56  6.01  5.44  4.98 
       2.10  2.02  1.89  1.75  1.65 
       3.47  3.28  3.08  2.86  2.68 
       4.45  4.17  3.88  3.61  3.35 
       6.17  5.69  5.20  4.81  4.43 
       7.69  7.12  6.48  5.89  5.39 
       1.92  1.86  1.80  1.74  1.59 
       2.97  2.86  2.75  2.64  2.42 
       3.73  3.60  3.47  3.34  3.04 
       5.16  4.99  4.82  4.65  4.15 
       7.10  6.81  6.52  6.23  5.55 
       0.00  0.00  0.00  1.60  1.54 
       0.00  0.00  0.00  2.39  2.29 
       0.00  0.00  0.00  2.98  2.85 
       0.00  0.00  0.00  4.06  3.86 
       0.00  0.00  0.00  5.46  5.17 
       2.21  2.23  2.14  2.05  1.95 
       3.13  3.14  3.02  2.94  2.84 
       3.60  3.60  3.47  3.37  3.27 
       4.24  4.21  4.04  3.90  3.80 
       5.00  4.73  4.61  4.40  4.24 
       2.33  2.34  2.21  2.09  1.97 
       3.43  3.39  3.26  3.10  2.92 
       4.02  3.94  3.80  3.61  3.43 
       4.89  4.67  4.49  4.29  4.11 
       5.68  5.46  5.12  4.88  4.68 
       2.34  2.32  2.19  2.09  1.97 
       3.70  3.57  3.40  3.18  3.03 
       4.46  4.28  4.03  3.78  3.59 
       5.60  5.28  4.91  4.64  4.39 
       6.53  6.13  5.66  5.34  4.99 
       2.33  2.29  2.17  2.04  1.92 
       3.94  3.75  3.51  3.29  3.09 
       4.89  4.61  4.27  4.00  3.76 
       6.28  5.80  5.33  5.00  4.69 
       7.39  6.85  6.26  5.82  5.41 
       2.32  2.24  2.12  1.99  1.87 
       4.07  3.83  3.60  3.37  3.09 
       5.17  4.82  4.51  4.20  3.85 
       6.72  6.25  5.79  5.38  5.01 
       8.15  7.53  6.98  6.40  5.95 
       2.43  2.30  2.16  2.01  1.87 
       4.10  3.85  3.60  3.36  3.14 
       5.25  4.92  4.58  4.25  3.96 
       7.16  6.66  6.16  5.67  5.26 
       8.75  8.14  7.52  6.92  6.30 
       2.21  2.14  2.08  2.01  1.83 
       3.50  3.37  3.24  3.11  2.81 
       4.50  4.32  4.14  3.96  3.59 
       6.28  6.05  5.82  5.60  5.01 
       8.31  8.00  7.69  7.39  6.63 
       0.00  0.00  0.00  1.85  1.77 
       0.00  0.00  0.00  2.80  2.65 
       0.00  0.00  0.00  3.52  3.33 
       0.00  0.00  0.00  4.91  4.63 
       0.00  0.00  0.00  6.63  6.27 
       2.72  2.71  2.58  2.48  2.37 
       3.80  3.85  3.69  3.62  3.55 
       4.27  4.36  4.22  4.15  4.11 
       4.84  4.90  4.86  4.77  4.76 
       5.47  5.41  5.28  5.34  5.16 
       2.75  2.72  2.60  2.48  2.34 
       4.05  4.00  3.89  3.78  3.58 
       4.68  4.61  4.50  4.42  4.19 
       5.49  5.37  5.22  5.18  4.97 
       6.12  5.98  5.80  5.69  5.57 
       2.67  2.64  2.52  2.40  2.26 
       4.26  4.14  3.99  3.80  3.59 
       5.05  4.89  4.73  4.50  4.29 
       6.08  5.79  5.65  5.38  5.21 
       6.92  6.60  6.26  6.06  5.91 
       2.57  2.51  2.39  2.27  2.16 
       4.37  4.20  4.00  3.77  3.62 
       5.40  5.13  4.88  4.61  4.40 
       6.76  6.32  6.07  5.73  5.45 
       7.84  7.39  6.88  6.52  6.26 
       2.50  2.45  2.32  2.19  2.08 
       4.36  4.20  3.99  3.74  3.59 
       5.57  5.30  5.02  4.70  4.48 
       7.32  6.84  6.47  6.09  5.67 
       8.60  8.06  7.53  7.08  6.70 
       2.58  2.48  2.32  2.16  2.04 
       4.44  4.18  3.94  3.68  3.46 
       5.68  5.32  5.01  4.68  4.41 
       7.56  7.07  6.61  6.25  5.90 
       9.14  8.55  8.01  7.50  7.13 
       2.34  2.29  2.24  2.18  2.04 
       3.72  3.61  3.49  3.38  3.12 
       4.84  4.67  4.50  4.33  3.98 
       6.92  6.65  6.38  6.11  5.64 
       8.74  8.49  8.24  7.99  7.30 
       0.00  0.00  0.00  1.98  1.92 
       0.00  0.00  0.00  3.03  2.91 
       0.00  0.00  0.00  3.82  3.68 
       0.00  0.00  0.00  5.32  5.17 
       0.00  0.00  0.00  7.21  6.98 
       3.14  3.11  2.99  2.84  2.69 
       4.41  4.48  4.31  4.18  4.09 
       4.87  5.07  4.88  4.78  4.75 
       5.31  5.56  5.50  5.46  5.55 
       5.80  5.82  5.76  5.98  5.99 
       3.08  3.05  2.92  2.78  2.63 
       4.56  4.54  4.41  4.32  4.13 
       5.21  5.21  5.07  5.04  4.84 
       6.01  5.95  5.81  5.80  5.67 
       6.42  6.38  6.29  6.26  6.19 
       2.89  2.88  2.75  2.63  2.48 
       4.67  4.60  4.45  4.27  4.04 
       5.57  5.41  5.30  5.04  4.84 
       6.60  6.29  6.23  5.88  5.89 
       7.08  6.99  6.72  6.57  6.44 
       2.70  2.67  2.52  2.43  2.32 
       4.74  4.58  4.35  4.12  4.00 
       5.85  5.57  5.36  5.03  4.89 
       7.02  6.72  6.57  6.19  5.97 
       8.02  7.63  7.33  6.95  6.75 
       2.62  2.58  2.45  2.29  2.22 
       4.59  4.45  4.26  3.97  3.89 
       5.84  5.60  5.37  5.02  4.85 
       7.61  7.22  6.91  6.56  6.10 
       8.73  8.33  7.88  7.49  7.14 
       2.67  2.57  2.44  2.25  2.15 
       4.59  4.35  4.14  3.90  3.66 
       5.87  5.56  5.27  5.00  4.67 
       7.75  7.44  6.96  6.63  6.28 
       9.29  8.80  8.30  7.86  7.44 
       2.41  2.36  2.31  2.26  2.13 
       3.81  3.70  3.59  3.48  3.25 
       4.99  4.80  4.61  4.42  4.14 
       7.14  6.82  6.51  6.19  5.92 
       8.93  8.66  8.39  8.12  7.51 
       0.00  0.00  0.00  2.04  1.98 
       0.00  0.00  0.00  3.09  2.98 
       0.00  0.00  0.00  3.89  3.75 
       0.00  0.00  0.00  5.42  5.24 
       0.00  0.00  0.00  7.38  7.16 
       3.50  3.45  3.31  3.13  2.97 
       4.96  5.02  4.84  4.70  4.62 
       5.43  5.65  5.48  5.40  5.37 
       5.75  6.14  6.20  6.24  6.23 
       6.16  6.28  6.35  6.65  6.66 
       3.37  3.33  3.18  3.01  2.86 
       5.04  5.01  4.88  4.79  4.58 
       5.73  5.75  5.64  5.60  5.40 
       6.46  6.52  6.54  6.41  6.34 
       6.68  6.69  6.80  6.83  6.79 
       3.07  3.07  2.95  2.83  2.66 
       5.06  4.99  4.87  4.68  4.42 
       5.99  5.85  5.79  5.54  5.31 
       6.90  6.70  6.72  6.46  6.44 
       7.27  7.25  7.13  7.04  7.05 
       2.85  2.80  2.65  2.56  2.46 
       5.01  4.86  4.63  4.41  4.31 
       6.20  5.93  5.73  5.41  5.30 
       7.41  7.10  7.03  6.64  6.45 
       8.25  7.92  7.72  7.34  7.16 
       2.74  2.68  2.56  2.41  2.30 
       4.77  4.63  4.47  4.24  4.10 
       6.07  5.85  5.64  5.39  5.16 
       7.88  7.54  7.25  6.94  6.47 
       8.86  8.55  8.15  7.75  7.51 
       2.78  2.72  2.55  2.34  2.24 
       4.80  4.54  4.25  4.06  3.80 
       6.11  5.76  5.41  5.19  4.86 
       7.99  7.71  7.23  6.84  6.57 
       9.34  9.00  8.47  8.10  7.73 
       2.50  2.45  2.40  2.35  2.23 
       3.99  3.87  3.75  3.63  3.42 
       5.18  4.98  4.78  4.58  4.31 
       7.27  6.96  6.65  6.35  5.99 
       9.04  8.78  8.52  8.26  7.63 
       0.00  0.00  0.00  2.14  2.08 
       0.00  0.00  0.00  3.21  3.12 
       0.00  0.00  0.00  3.98  3.88 
       0.00  0.00  0.00  5.51  5.38 
       0.00  0.00  0.00  7.54  7.35 
       3.55  3.53  3.36  3.22  3.08 
       5.11  5.19  5.02  4.93  4.90 
       5.64  5.78  5.72  5.69  5.69 
       5.97  6.20  6.47  6.50  6.55 
       6.04  6.27  6.49  6.75  6.91 
       3.36  3.30  3.17  3.02  2.89 
       5.16  5.10  5.03  4.90  4.76 
       5.81  5.84  5.83  5.71  5.63 
       6.32  6.60  6.58  6.53  6.66 
       6.40  6.55  6.85  6.96  7.05 
       2.89  2.94  2.84  2.72  2.61 
       5.00  4.99  4.86  4.71  4.50 
       5.95  5.92  5.77  5.69  5.47 
       6.76  6.70  6.74  6.77  6.64 
       7.01  7.08  7.14  7.11  7.15 
       2.63  2.60  2.51  2.41  2.35 
       4.84  4.73  4.57  4.35  4.28 
       6.02  5.86  5.69  5.46  5.30 
       7.27  7.02  6.96  6.86  6.52 
       8.00  7.81  7.62  7.43  7.27 
       2.47  2.41  2.33  2.22  2.13 
       4.60  4.35  4.15  4.06  3.93 
       5.89  5.57  5.33  5.20  5.07 
       7.56  7.29  7.07  6.77  6.54 
       8.68  8.39  8.09  7.73  7.61 
       2.53  2.41  2.30  2.14  2.04 
       4.54  4.25  4.01  3.82  3.63 
       5.86  5.51  5.19  4.95  4.75 
       7.86  7.49  7.11  6.71  6.47 
       9.28  8.86  8.43  8.03  7.75 
       2.59  2.55  2.51  2.47  2.31 
       4.10  3.98  3.87  3.75  3.46 
       5.28  5.08  4.88  4.67  4.33 
       7.41  7.09  6.77  6.44  6.08 
       9.30  8.97  8.65  8.32  7.71 
       0.00  0.00  0.00  2.23  2.17 
       0.00  0.00  0.00  3.34  3.22 
       0.00  0.00  0.00  4.12  3.96 
       0.00  0.00  0.00  5.63  5.45 
       0.00  0.00  0.00  7.72  7.49

